# Frame list with one line of data per frame:
#   FRAME_ID, RIG_ID, RIG_FROM_WORLD[QW, QX, QY, QZ, TX, TY, TZ], NUM_DATA_IDS, DATA_IDS[] as (SENSOR_TYPE, SENSOR_ID, DATA_ID)
# Number of frames: 101
1 1 0.90125135646186905 -0.37826896047669256 -0.13945330928102612 -0.15878085698878866 0.73807973529988502 -0.91795696846207908 6.8915330661683649 1 CAMERA 1 1
2 1 0.90378644217592163 -0.39294224370940495 -0.10371136654352242 -0.13420287812593107 0.6393379666457949 -0.75786557162740453 5.8774208324011061 1 CAMERA 1 2
3 1 0.90209684494022813 -0.3787760947145587 -0.13680689038397076 -0.15502847211122878 0.72600898299350902 -0.92061507460856828 6.7825160178333066 1 CAMERA 1 3
4 1 0.90361562004834384 -0.37973374499986035 -0.13104247503223712 -0.14869083310834302 0.69126886782729946 -0.90449263373720556 6.6001174641504896 1 CAMERA 1 4
5 1 0.90671408352053173 -0.40312288256669315 -0.054326398082435758 -0.11140087417983414 0.48853194187766213 -0.54180158481357898 4.4532359563345674 1 CAMERA 1 5
6 1 0.90649448855539261 -0.40416096081904096 -0.048413093168453006 -0.11215093570002119 0.4886746558093184 -0.53779233739038679 4.3665901263518201 1 CAMERA 1 6
7 1 0.90670957040076894 -0.40433917316298518 -0.042434183756668312 -0.11219147934861899 0.47381722546393751 -0.54058071203917302 4.2554016677214435 1 CAMERA 1 7
8 1 0.90393748900448756 -0.38943308314265218 -0.11064505412099339 -0.13782801502173744 0.62930542351708629 -0.78712292301956399 6.0505253979039839 1 CAMERA 1 8
9 1 0.90830887116711623 -0.40556926722265202 -0.013493656482805051 -0.10152086129620731 0.13091743443843623 -0.32004894654354943 3.0783714035029792 1 CAMERA 1 9
10 1 0.90828973637474963 -0.40581811462440809 -0.013374253229288776 -0.10071018811192368 0.11994782363716927 -0.31805521006895371 3.0443822900156414 1 CAMERA 1 10
11 1 0.92238158182895236 -0.37963359785535367 -0.015972889588471623 -0.069537153237050189 -0.33416469694729151 -0.0055569327360389604 1.9682743749338891 1 CAMERA 1 11
12 1 0.9085991613326373 -0.40315900516587344 -0.026236307005723464 -0.10593411525090375 0.31025762712199184 -0.37944435156870931 3.5748525545870495 1 CAMERA 1 12
13 1 0.90882627094823831 -0.40208658967845312 -0.030497245060672768 -0.10691633027175981 0.34233419869318737 -0.38710193990607467 3.7134343007911914 1 CAMERA 1 13
14 1 0.90405654328085594 -0.39552797833102937 -0.09582852122596057 -0.13059969153135612 0.59806343783248617 -0.72645020549042172 5.694354847450211 1 CAMERA 1 14
15 1 0.91962568301469771 -0.38560949941537181 -0.016185798541194903 -0.073020113845166518 -0.29483004525264306 0.0092522745969263794 2.042647349122086 1 CAMERA 1 15
16 1 0.95667565249018616 -0.28943297719027439 0.01797332375587388 -0.026023206574462641 -0.71576268636321116 -0.19778037835423004 0.56258533613406314 1 CAMERA 1 16
17 1 0.94581632500828217 -0.32392622391977943 0.0021067735816762139 -0.022334778037317118 -0.63926113056882028 -0.20886889099198172 1.1545819280779941 1 CAMERA 1 17
18 1 0.93421700607538194 -0.35266569393191605 -0.018516006391162201 -0.050226003129789934 -0.5080804445891296 -0.088349620426312669 1.6809824796784565 1 CAMERA 1 18
19 1 0.90401961966944788 -0.39133218099482026 -0.10605762841861555 -0.13549697717943093 0.63112161485449247 -0.76408041826565398 5.964748941744082 1 CAMERA 1 19
20 1 0.90370815786319114 -0.39438740699006758 -0.10026959850053638 -0.13310201439388608 0.63761488422899903 -0.74172472609150308 5.8363784524534683 1 CAMERA 1 20
21 1 0.90557851712275994 -0.40174404790416307 -0.068136438772809921 -0.11784182199320657 0.47138513352724754 -0.54942328847910349 4.6747989287782303 1 CAMERA 1 21
22 1 0.90816503566504647 -0.40679037392222045 -0.0088486877233223057 -0.098384756976374707 0.070480438618250207 -0.29507026166746519 2.8851401147305427 1 CAMERA 1 22
23 1 0.94988386265769054 -0.31172423050921427 0.0084324304007004393 -0.021852818890943846 -0.6446088258614654 -0.22714718937367501 1.0376300127099254 1 CAMERA 1 23
24 1 0.93348537664845577 -0.35410188879855858 -0.017149733520594308 -0.054062839112979197 -0.50384433651515959 -0.081298768500232099 1.7075783185026263 1 CAMERA 1 24
25 1 0.96641115992401616 -0.25544045102394092 0.012848755299930872 -0.025190383924151051 -0.72351333391834238 -0.007940909262632306 -0.88767875757897963 1 CAMERA 1 25
26 1 0.92624375740859932 -0.37113103827631055 -0.016178270924527994 -0.063816281930552415 -0.40186441782605181 -0.031016898101482306 1.8631968218195922 1 CAMERA 1 26
27 1 0.97094150406732271 -0.23147260515741774 0.022828839876413144 -0.056319382196714514 -0.60578418017182811 0.36553405250127946 -2.1868175834012393 1 CAMERA 1 27
28 1 0.9706554047886744 -0.1751561674512053 0.047999151030096859 -0.15762132996117978 -0.12394021540663694 1.2472776496697122 -3.5569032708319992 1 CAMERA 1 28
29 1 0.92447288805639216 -0.37510715481263879 -0.01607029143302606 -0.066228750481180529 -0.36590566930801127 -0.018731217744989023 1.9137925805389588 1 CAMERA 1 29
30 1 0.97059584571359103 -0.1765971816304775 0.047473988984075149 -0.15653549148238266 -0.13581420333966951 1.2161671298709646 -3.4559735412965824 1 CAMERA 1 30
31 1 0.97099615001787565 -0.23295481595849513 0.019942100718327516 -0.050008429200955003 -0.60763615302598584 0.32997570429409923 -2.0290159338425449 1 CAMERA 1 31
32 1 0.97295973041169803 -0.21230458336449037 0.032923273491332776 -0.084806750569994788 -0.48855017120392752 0.65833435092430681 -2.7814434924368783 1 CAMERA 1 32
33 1 0.95475109152378523 -0.29620088830717956 0.011547589283825228 -0.024125508946108286 -0.64330196147141172 -0.24144618525049241 0.94680868850451294 1 CAMERA 1 33
34 1 0.97335120971172762 -0.2076744639622245 0.033819409402145652 -0.09118655119265219 -0.45096088718765137 0.72128599328056953 -2.8658435640576463 1 CAMERA 1 34
35 1 0.90343314146254317 -0.39872159690793041 -0.091691939925179058 -0.12814926928807618 0.5397217139086411 -0.69026557054770221 5.4904990606485216 1 CAMERA 1 35
36 1 0.97119607698413002 -0.2357036417664263 0.015286771100648419 -0.031437047221332504 -0.66670991976432592 0.22408876306919714 -1.7494933941677873 1 CAMERA 1 36
37 1 0.95764974889442656 -0.28619891318027113 0.017271811758142162 -0.026435299420754666 -0.69172268603602549 -0.21122923793928514 0.70780744686531738 1 CAMERA 1 37
38 1 0.90536313545598701 -0.40082944543816679 -0.073398049662245876 -0.11944067536988542 0.46292241539539991 -0.55426809541299094 4.7623449838133629 1 CAMERA 1 38
39 1 0.97100655522548573 -0.23024393947520921 0.024308293636621271 -0.059523985959843699 -0.60496270078273395 0.38681771806425447 -2.262833751261927 1 CAMERA 1 39
40 1 0.97239290215003182 -0.20423781561349441 0.037842039979484807 -0.10633408922757533 -0.4162419852779482 0.76546064673042136 -3.0383451367363019 1 CAMERA 1 40
41 1 0.96280935755512831 -0.26854239759396387 0.015983919662988694 -0.025052664747987504 -0.7428921397852033 -0.17989096063029536 0.23803367589252217 1 CAMERA 1 41
42 1 0.95915869367102446 -0.28107685396061172 0.017301690464466984 -0.026665596373804175 -0.73563449661124425 -0.19650525279904951 0.40623995581605538 1 CAMERA 1 42
43 1 0.96174424437522976 -0.27229258873004525 0.015985444708443798 -0.025479797708806411 -0.73885937989444128 -0.19144568831922226 0.29244898747528836 1 CAMERA 1 43
44 1 0.96326447494164413 -0.26688929937957928 0.014730230764977901 -0.025974477736532841 -0.75309988428143604 -0.081306276023626931 -0.42495447804709313 1 CAMERA 1 44
45 1 0.96552319663658204 -0.25874424404605095 0.01350290975207177 -0.025180237448045258 -0.73349297201020547 -0.033468375561237128 -0.75434678985578096 1 CAMERA 1 45
46 1 0.97141566170541171 -0.23514212042669327 0.014310529844311975 -0.029240453660154552 -0.66985667439564089 0.21112330947844105 -1.6717502333729284 1 CAMERA 1 46
47 1 0.91522754790012084 -0.39391372567813127 -0.013850087218069391 -0.083658157827904714 -0.18244803176992302 0.030077857233406811 2.2285315960445904 1 CAMERA 1 47
48 1 0.96284764241922971 -0.26831199607179218 0.015710746019903167 -0.026196616407482071 -0.75982096361409823 -0.10059833880019103 -0.2321214195294117 1 CAMERA 1 48
49 1 0.90834969478742322 -0.40397797798812785 -0.020686214287394963 -0.10618241765318591 0.28382448054505666 -0.37275403172340105 3.4592441103040215 1 CAMERA 1 49
50 1 0.9640875698425353 -0.26404139656657427 0.01353816738629343 -0.025179686219418601 -0.73464017394573122 -0.060745421974712034 -0.55842065447652955 1 CAMERA 1 50
51 1 0.96281173557719013 -0.26840885008687509 0.016248103166111062 -0.026196377104182635 -0.76112622396306884 -0.11189839581420673 -0.10671976932251004 1 CAMERA 1 51
52 1 0.97821796319625187 -0.024940080710019536 0.082092160525597729 -0.18901980328683249 0.20654563482881536 3.8112896307347781 -5.6299489919805676 1 CAMERA 1 52
53 1 0.97089727447216723 -0.18821277057873576 0.042627102606070326 -0.14183569909231566 -0.19033138222519788 1.0553087030269035 -3.1691661762819892 1 CAMERA 1 53
54 1 0.97424694081136376 -0.06340680993662054 0.078136927097908385 -0.20178477493868599 0.24581851339224378 3.2478784683861845 -5.5596487851832785 1 CAMERA 1 54
55 1 0.90481169247178295 -0.40023661731917193 -0.07877871449380755 -0.1221489478708575 0.46116531014090756 -0.55608580591393242 4.8751470544094042 1 CAMERA 1 55
56 1 0.97475121792901076 -0.049394032772313773 0.079846503161457985 -0.20259523342192998 0.26721842037149085 3.4379380260998711 -5.5825948528043785 1 CAMERA 1 56
57 1 0.97076106943314044 -0.238185822119898 0.012621073395582657 -0.027040131664592824 -0.67948917467930658 0.15148375843571429 -1.3635936157174653 1 CAMERA 1 57
58 1 0.9711788644225956 -0.22807802167880031 0.026087124835536674 -0.064120911126854543 -0.58757055656958279 0.4341723839500598 -2.3204867785543368 1 CAMERA 1 58
59 1 0.98600778430463332 -0.018955026047552958 0.084489047062791339 -0.14244633096231743 -0.18231502650448095 4.0183321918677679 -5.7640297984143896 1 CAMERA 1 59
60 1 0.90665124809101461 -0.40257252218824957 -0.057664434881343991 -0.11222161852250716 0.48638666533927999 -0.54575799424783078 4.5106866497980738 1 CAMERA 1 60
61 1 0.94038461293498021 -0.3384029644849772 -0.016975553345285471 -0.029530390642995979 -0.58868920794539126 -0.13689966112998198 1.4997372932478472 1 CAMERA 1 61
62 1 0.97106284348897731 -0.23380844533490844 0.017993576175846498 -0.045241530716567252 -0.60961006224415981 0.30383115656822696 -1.9581242840038831 1 CAMERA 1 62
63 1 0.97089447418476638 -0.16844982302222966 0.051431446650687045 -0.16230644909147601 -0.078602979267170636 1.4386048161220677 -4.0887650199987933 1 CAMERA 1 63
64 1 0.95712556336664956 -0.28799972042203187 0.017314510181704899 -0.025826821795799912 -0.69622696992977062 -0.20562491932231464 0.65914332773728024 1 CAMERA 1 64
65 1 0.98168528687172307 -0.020726635977233718 0.084154817972721188 -0.16965367874770312 0.036476708912219866 3.9279499315274164 -5.700878229528616 1 CAMERA 1 65
66 1 0.96312116284168592 -0.26739459374027341 0.01512661369019699 -0.025863922425255804 -0.75754060978112781 -0.086484429635750287 -0.35980348872392426 1 CAMERA 1 66
67 1 0.9187733306273651 -0.38740454920520867 -0.015905511040813641 -0.074298700537341972 -0.27802842072505457 0.015129811886552595 2.0706532886940159 1 CAMERA 1 67
68 1 0.97289888202231578 -0.21489787708735897 0.03170037784394103 -0.079257515906228829 -0.51018314185345259 0.62286120981481086 -2.6956335174534298 1 CAMERA 1 68
69 1 0.93146729444324028 -0.35857060270401769 -0.015794842796898623 -0.059551030218540357 -0.47087565787139413 -0.065849260626671055 1.7454395693119564 1 CAMERA 1 69
70 1 0.97260528868996754 -0.21768712801349002 0.03056088077926793 -0.07561282480861331 -0.52898047702257034 0.5886577353409399 -2.6177947188616004 1 CAMERA 1 70
71 1 0.97144539686641473 -0.23528516227504934 0.01282628979851156 -0.027752830671157639 -0.66902476406356925 0.1839777368905704 -1.5166783064023301 1 CAMERA 1 71
72 1 0.90852921340402559 -0.40447604708942808 -0.017708099947093721 -0.10324833615433419 0.22997729722508817 -0.35549482476975741 3.2957299147813162 1 CAMERA 1 72
73 1 0.93619704987633534 -0.34859351697247215 -0.018719625576701499 -0.040831597395615704 -0.55319043120100286 -0.096216674262530971 1.6207036153410106 1 CAMERA 1 73
74 1 0.97090896499837465 -0.23241878031615745 0.021272006752814616 -0.053523770147871345 -0.60504543763677099 0.34480304682954127 -2.1092428176799727 1 CAMERA 1 74
75 1 0.96884134873035344 -0.10217259544251157 0.075980137192470043 -0.21244815951922005 0.19516503143120978 2.5204187160001936 -4.8504657452034099 1 CAMERA 1 75
76 1 0.97290603084755278 -0.20593270271141814 0.03578283681740059 -0.098818852876019062 -0.43360729861815422 0.74435378252280093 -2.9525129852509386 1 CAMERA 1 76
77 1 0.91684747562789481 -0.39112015166771225 -0.015599166941482072 -0.078564619167368357 -0.23232781647690187 0.023717121515596257 2.1551526306400026 1 CAMERA 1 77
78 1 0.90341196072658481 -0.39773591328315155 -0.093794498360703915 -0.12982898204264851 0.57435539249312884 -0.70437879355796063 5.6093424336114506 1 CAMERA 1 78
79 1 0.97124997676124214 -0.23615695416445295 0.012563567259243137 -0.027304439543373221 -0.67207961873281585 0.17001342895172736 -1.438923520910524 1 CAMERA 1 79
80 1 0.94794107020496476 -0.31766476740899618 0.006914449409554612 -0.021189935229183318 -0.64538364913731427 -0.22142591297422229 1.0783037731736651 1 CAMERA 1 80
81 1 0.93803522628300029 -0.34427017238460672 -0.017535376192268887 -0.035503144089930022 -0.56913248452886489 -0.11816527347664681 1.5595750761302476 1 CAMERA 1 81
82 1 0.97144346018050431 -0.23521502152324672 0.013109076926676311 -0.02827807321016507 -0.66471264529004626 0.19358658598936018 -1.596503806657543 1 CAMERA 1 82
83 1 0.97600236504460436 -0.035034633953105229 0.081179403088465982 -0.19900216673521706 0.26637269530479407 3.6439927423036957 -5.594333492990164 1 CAMERA 1 83
84 1 0.94538941056481407 -0.32491076790975953 -0.0045709527248381961 -0.025513950681805692 -0.62197668455399879 -0.18633914195052617 1.2309425137408343 1 CAMERA 1 84
85 1 0.97165566375870882 -0.086873100350261065 0.080843116150894997 -0.20445714977023538 0.15769160238641583 2.8624736440825105 -5.2327609354408073 1 CAMERA 1 85
86 1 0.95231641720664639 -0.30410554817362129 0.009873263115511826 -0.022710697130864359 -0.64378312822520012 -0.23469027691188285 0.99546328456541755 1 CAMERA 1 86
87 1 0.95696295686396671 -0.28840892706874616 0.0181126366409044 -0.026723068146132151 -0.72481957141358233 -0.19812111910471183 0.51244516097835313 1 CAMERA 1 87
88 1 0.96983093189186442 -0.16652244943341535 0.051254132273343786 -0.17050293635406877 -0.010378671502507833 1.5040134153990186 -4.3081129811759844 1 CAMERA 1 88
89 1 0.97079575517962324 -0.18319905036565445 0.044986241919628134 -0.14822262886717677 -0.17352769379390334 1.1211259806835481 -3.2571342312046445 1 CAMERA 1 89
90 1 0.97068332488994824 -0.17940770406435519 0.046084103098972005 -0.15317641445246891 -0.14871007580561685 1.1708931411641781 -3.3546730481117786 1 CAMERA 1 90
91 1 0.90448468626400458 -0.38076228763144759 -0.12501875421257663 -0.14593780773571507 0.68157824618580876 -0.88532303058531236 6.4829469567569005 1 CAMERA 1 91
92 1 0.97078058380957344 -0.09174050978702479 0.078420184901405468 -0.20741024941499633 0.18535554913278671 2.7342145341890762 -5.022194901215455 1 CAMERA 1 92
93 1 0.97116927377269624 -0.16978095933898646 0.050389398059802262 -0.15957937237913281 -0.088427160208771963 1.39997658216011 -3.9773604658815254 1 CAMERA 1 93
94 1 0.97083136814456639 -0.1738565609182039 0.049204435601798428 -0.15760480439806684 -0.1294935966587992 1.2840808711057516 -3.6585602869058298 1 CAMERA 1 94
95 1 0.9705128818581048 -0.16732921358845823 0.051266567035912744 -0.16576314286263147 -0.047343927397035697 1.4729093677167902 -4.19450964206872 1 CAMERA 1 95
96 1 0.96979748302450786 -0.094105172027264608 0.077598441708572205 -0.21122391048706657 0.20410398979493799 2.6669698212159818 -4.9195151934902617 1 CAMERA 1 96
97 1 0.97230057852651963 -0.082785386697787983 0.080045105902654692 -0.20339849008123143 0.17726556517957898 2.943526429656337 -5.3274303158459917 1 CAMERA 1 97
98 1 0.94651671670316628 -0.32191810045639235 0.0048527567198772903 -0.021243642630773673 -0.64527883353342652 -0.21616415544201326 1.117456234542074 1 CAMERA 1 98
99 1 0.97143019341805581 -0.089827083863502202 0.07942828852025699 -0.20480630191251731 0.16657202456151268 2.7937047085698019 -5.1318495556468742 1 CAMERA 1 99
100 1 0.9392310649236848 -0.34128828235115061 -0.01800719734949344 -0.032296375272456851 -0.5667563886080671 -0.12407602879390847 1.5341675407684996 1 CAMERA 1 100
101 1 0.95789953669595451 -0.28527745512706326 0.017932979042014581 -0.026900919251588419 -0.7339685593638251 -0.19662474695462612 0.4617330774127289 1 CAMERA 1 101
