# Frame list with one line of data per frame:
#   FRAME_ID, RIG_ID, RIG_FROM_WORLD[QW, QX, QY, QZ, TX, TY, TZ], NUM_DATA_IDS, DATA_IDS[] as (SENSOR_TYPE, SENSOR_ID, DATA_ID)
# Number of frames: 101
1 1 0.90125135646186905 -0.37826896047669256 -0.13945330928102612 -0.15878085698878866 0.73807973529988502 -0.91795696846207908 6.8915330661683649 1 CAMERA 1 1
2 1 0.90326397881227993 -0.39467360483921804 -0.10366869700443175 -0.13266397960572532 0.69181688700594224 -0.72041212704611279 5.8774208324011061 1 CAMERA 1 2
3 1 0.90262704882803146 -0.37777931981176166 -0.1371575577041903 -0.15406167794484732 0.73937722841853515 -0.90858417448112505 6.7909782164677699 1 CAMERA 1 3
4 1 0.90410951813765761 -0.3789050339386672 -0.13177263957351323 -0.14714933207004002 0.72174319880094373 -0.89129221847283335 6.6067202017415285 1 CAMERA 1 4
5 1 0.90366256482139284 -0.41028063518836722 -0.052722802831193891 -0.11083354813175854 0.52846014537213959 -0.55895702399246072 4.4481552993101374 1 CAMERA 1 5
6 1 0.90325418008235703 -0.41152360397374299 -0.046760884019525266 -0.11222134049245272 0.52779086124479868 -0.55445954489579841 4.3669786686168557 1 CAMERA 1 6
7 1 0.90342581901427288 -0.41163748696936414 -0.040785105034982845 -0.11275169208141576 0.51553821364962149 -0.56049356836740682 4.2573301737449585 1 CAMERA 1 7
8 1 0.90380720645679058 -0.39029514453421127 -0.11054201170276579 -0.13631836764903255 0.67438130041747191 -0.75298897387146735 6.0512239751164199 1 CAMERA 1 8
9 1 0.90290946539199546 -0.41703798827471777 -0.01199139985922882 -0.10339255278177858 0.15472344398153862 -0.41476342548181838 3.0172633268958857 1 CAMERA 1 9
10 1 0.90276697612250711 -0.41756501798689677 -0.01160310427170742 -0.10255052680257948 0.14004203137968543 -0.41290094596844984 2.9872994943903772 1 CAMERA 1 10
11 1 0.91732062138123982 -0.39204771583899467 -0.01672762610433964 -0.067391784507287125 -0.26308293262524546 -0.24644653882725215 1.7424887275227234 1 CAMERA 1 11
12 1 0.90355147057684349 -0.41423087010659054 -0.024108426238789962 -0.10689391962805661 0.33350130758814467 -0.46533121238327918 3.5657858658434765 1 CAMERA 1 12
13 1 0.90388536757215632 -0.4129702999340385 -0.028490830648244606 -0.10786587148079785 0.36854925738139965 -0.47145344180972487 3.7099168249809242 1 CAMERA 1 13
14 1 0.90331172406973714 -0.3976847892311155 -0.09581592084555364 -0.12920544448622134 0.65896510120272322 -0.68560555988365834 5.6921006793407791 1 CAMERA 1 14
15 1 0.91394659349750729 -0.39914120479175275 -0.016741295444250098 -0.071467838210900164 -0.23533701380319846 -0.22335530347873153 1.8477846647799712 1 CAMERA 1 15
16 1 0.95908851837551712 -0.28185923619713588 0.014693349071229045 -0.022106342612319602 -0.58246248033841175 -0.44294489894575201 0.0036582576980866634 1 CAMERA 1 16
17 1 0.94624411476619641 -0.32303753908005906 -0.0019266478967901277 -0.016282249332288858 -0.46963683162850411 -0.4754182571215404 0.67586210577413219 1 CAMERA 1 17
18 1 0.93184791064029093 -0.35937046389877458 -0.019979823264018964 -0.045968987098297193 -0.39448478219383254 -0.36028249534623658 1.3192661088034427 1 CAMERA 1 18
19 1 0.90357892176546228 -0.3928532842086071 -0.10611944109746155 -0.13397795881725452 0.68174799862547808 -0.72923994260424652 5.9632020902326985 1 CAMERA 1 19
20 1 0.90298738429758008 -0.39648411466830141 -0.10037492450151968 -0.13167765621556018 0.69273351799467775 -0.70232524070672919 5.8370325995126944 1 CAMERA 1 20
21 1 0.90262124869164218 -0.40880499296895284 -0.066473042968585916 -0.11719510950757306 0.49823133376286483 -0.56458234948481567 4.6665600736104178 1 CAMERA 1 21
22 1 0.90261924707261021 -0.41854742350270568 -0.0071977314842649846 -0.10022345910415316 0.088419258411939886 -0.39453259991192274 2.8031089060291903 1 CAMERA 1 22
23 1 0.95100317523629696 -0.30871051552715556 0.0050773249767748713 -0.016278791863014383 -0.49108614633935144 -0.49431824922440021 0.53681633741507451 1 CAMERA 1 23
24 1 0.93093310070503765 -0.36120038067944893 -0.018571542335190844 -0.050526674381132161 -0.39614932226291227 -0.35524658420621696 1.350618182739415 1 CAMERA 1 24
25 1 0.97047885513821475 -0.23991604923567769 0.011736399982811374 -0.021756331588950358 -0.62401675466674877 -0.15306481484816548 -1.5505642549137324 1 CAMERA 1 25
26 1 0.92203879735622751 -0.38185840877109878 -0.01736184679461495 -0.061050619133351025 -0.3171976792328316 -0.28254688245922338 1.6006324526760844 1 CAMERA 1 26
27 1 0.97604560286157305 -0.20940461258696688 0.020170103364865698 -0.055478430873099213 -0.52609974514091729 0.32111234581512993 -2.9659151535764892 1 CAMERA 1 27
28 1 0.97487761607361667 -0.14135678643844052 0.045890183359417455 -0.16590956475640092 -0.14552639622693128 1.3888377146478041 -4.4547440968532124 1 CAMERA 1 28
29 1 0.9199266644463342 -0.38649892656386231 -0.017031464140462582 -0.063745125577230277 -0.28856163281495673 -0.25971335886490843 1.6766674543173614 1 CAMERA 1 29
30 1 0.97485236551457588 -0.14329944887262008 0.045010461635068798 -0.16462743315388828 -0.15447954426042734 1.3440530234423362 -4.3609038762783197 1 CAMERA 1 30
31 1 0.97591385686424048 -0.21194033166145693 0.01821373958663967 -0.04839110957464527 -0.53714994747601108 0.26909466517876895 -2.796425817577517 1 CAMERA 1 31
32 1 0.97834646313292895 -0.18573974271640156 0.028244098594723859 -0.086840180478309686 -0.42240481311727568 0.67368597985339629 -3.6416719494001275 1 CAMERA 1 32
33 1 0.95656183424002694 -0.29075653106663629 0.0089484177555538176 -0.01923597507597611 -0.50698932150928289 -0.51251062784575729 0.41669346468234397 1 CAMERA 1 33
34 1 0.97826429962541417 -0.18205711075864128 0.029962164646870945 -0.09463845513473132 -0.40269043269895438 0.72697123046112699 -3.7284077600123782 1 CAMERA 1 34
35 1 0.90234576886954232 -0.4016167471103757 -0.091649861175315928 -0.12679276316201851 0.60551155686786406 -0.64269598070807887 5.4919153321438499 1 CAMERA 1 35
36 1 0.97600640680130146 -0.21559816920226624 0.013381824042427975 -0.027383391038041098 -0.56750313359513493 0.15063326557769149 -2.481157225141267 1 CAMERA 1 36
37 1 0.96021925496444216 -0.27797630748137586 0.014416469670429477 -0.022367840235322546 -0.56309645678110665 -0.45681417397894403 0.1538172368028618 1 CAMERA 1 37
38 1 0.90245110287449348 -0.40784281364873204 -0.071913482583429444 -0.11863682943513054 0.48769757686636844 -0.5718834392594222 4.7490664371904145 1 CAMERA 1 38
39 1 0.97622199572719204 -0.20752192386381071 0.021091563674452102 -0.058995017722243179 -0.51877448591238851 0.35148177254698071 -3.0480988226021553 1 CAMERA 1 39
40 1 0.9775300776454201 -0.1743646818189637 0.033709743450736442 -0.1135586114268544 -0.34901015216314824 0.84838633874569014 -3.8879349837681838 1 CAMERA 1 40
41 1 0.9662018097974503 -0.25657557866577985 0.012880703554307966 -0.021380426852579782 -0.610505384076932 -0.39288351825372725 -0.36067749087809514 1 CAMERA 1 41
42 1 0.96201789474995258 -0.27164819305717569 0.0140608073106531 -0.023046107858212001 -0.60380180043502574 -0.4292536507387098 -0.16953232742938137 1 CAMERA 1 42
43 1 0.96506230654769387 -0.26081455801483827 0.01267426204297826 -0.021676574684102803 -0.60357548986630438 -0.40800300228506886 -0.29865460771929675 1 CAMERA 1 43
44 1 0.96667276028121563 -0.2547127893159577 0.012458335706711883 -0.022582279791887195 -0.63862659132746447 -0.27297082082196167 -1.0568500355292827 1 CAMERA 1 44
45 1 0.96945658107785027 -0.24399014952474624 0.012133219612392953 -0.021806634806300521 -0.6304196094207255 -0.18946318692320122 -1.4067987560141406 1 CAMERA 1 45
46 1 0.97615524322673886 -0.21529425365427765 0.012411122341680092 -0.024805029865225418 -0.56826083501253533 0.1308642930582819 -2.398145839472797 1 CAMERA 1 46
47 1 0.90835281647453781 -0.40951982071072712 -0.013143441468934926 -0.083761131762775151 -0.15825159939010508 -0.18988064317561321 2.0957013506809701 1 CAMERA 1 47
48 1 0.96619593651304492 -0.25650087561466067 0.012662931302374078 -0.022635442240512352 -0.63499328132916533 -0.30109809663501114 -0.85734793928920217 1 CAMERA 1 48
49 1 0.90318829964803748 -0.41505931980066757 -0.018343776977422271 -0.10788958370342086 0.30168839780367374 -0.45585847693388293 3.4475370463141055 1 CAMERA 1 49
50 1 0.96749678775184822 -0.2516108837848039 0.012456614371845509 -0.022062674572157295 -0.6376948830124447 -0.24836590967825045 -1.1963674396665192 1 CAMERA 1 50
51 1 0.96614769205484063 -0.25664934415135165 0.013161412951541789 -0.022727263207537651 -0.63479471177041158 -0.31598054093276157 -0.72749092023288087 1 CAMERA 1 51
52 1 0.97538871586891718 -0.0038149632529796921 0.077961584555977556 -0.20621418560439683 0.2306569186051548 4.0411174813356858 -6.5226421653856637 1 CAMERA 1 52
53 1 0.97555269343156292 -0.15805771069770155 0.040127834590236985 -0.14732433376235757 -0.22458262374636717 1.1171621901514484 -4.0980163646575845 1 CAMERA 1 53
54 1 0.97195377917802916 -0.051265034787251085 0.072426404818395948 -0.21778926335999921 0.23296258673899259 3.261113572266789 -6.5173229536823349 1 CAMERA 1 54
55 1 0.90204708477708839 -0.40708273647857085 -0.076896430760375334 -0.1211678234622946 0.47660060701345214 -0.56840055102623177 4.8641598937887709 1 CAMERA 1 55
56 1 0.97230440432025278 -0.034352075070874129 0.074517255352935574 -0.21884071589269832 0.26754051661378403 3.5225158206907952 -6.5209214817926178 1 CAMERA 1 56
57 1 0.97520733248142477 -0.219877757740603 0.011489005269957497 -0.022190833317723931 -0.58798429982262967 0.039149756787423655 -2.0719551279298893 1 CAMERA 1 57
58 1 0.97643741517285509 -0.20519135801507601 0.021720889152339912 -0.063203511143873417 -0.49816808904821652 0.39026657764629363 -3.1316538158272342 1 CAMERA 1 58
59 1 0.98327682115750936 0.0064523115828496848 0.086769743742923761 -0.15998772521793359 -0.24608183121490079 4.3580065574156901 -6.6330540657448473 1 CAMERA 1 59
60 1 0.9036096573278305 -0.40976053984198391 -0.05605402914010852 -0.11155192956397486 0.52400810723254743 -0.56414426575115451 4.5030599711773531 1 CAMERA 1 60
61 1 0.93919175175817016 -0.34202691872551244 -0.019931629113167818 -0.023220044303272618 -0.42655606640566396 -0.41778559239063545 1.0681833023151825 1 CAMERA 1 61
62 1 0.97589818636688908 -0.21322599177062646 0.016927508363978314 -0.043253505520786197 -0.54299042806008524 0.23880298291490526 -2.7145250572507664 1 CAMERA 1 62
63 1 0.97489506646250879 -0.13487799049620755 0.049313970070405812 -0.17016365482282003 -0.10135025467426498 1.6043777992961314 -4.9486262358892388 1 CAMERA 1 63
64 1 0.95959437343808118 -0.28017837547408647 0.014275862359139973 -0.021792570673972458 -0.56508373040623106 -0.45280398844055797 0.10342262562523068 1 CAMERA 1 64
65 1 0.97891042454683952 0.0032116599579269179 0.080941075636554977 -0.18754361686988841 0.058328620343817889 4.2194046342646923 -6.5726574543309519 1 CAMERA 1 65
66 1 0.96646900126674617 -0.25549249242419719 0.012578910215490983 -0.022428261705265535 -0.6386458061444078 -0.28288002672320145 -0.9897945379996782 1 CAMERA 1 66
67 1 0.91288096984442979 -0.40135672920734439 -0.016387433640966672 -0.072750002299240613 -0.22022824287772547 -0.21305946920356719 1.8858826764503767 1 CAMERA 1 67
68 1 0.9781606477236604 -0.18966907402397493 0.026984705423421552 -0.080617710690191247 -0.44384582920310633 0.61618926494009041 -3.5559876381276916 1 CAMERA 1 68
69 1 0.92837687490951037 -0.36689025820927507 -0.017182506326993738 -0.056680490829789633 -0.37535193506605635 -0.33931247050982938 1.4176881799848446 1 CAMERA 1 69
70 1 0.97788829256003418 -0.1930259751145969 0.025562954824110827 -0.076302002239391736 -0.45347370800311093 0.57140746876557091 -3.4722056159980998 1 CAMERA 1 70
71 1 0.97609253953187791 -0.21583245415393709 0.011477956507098486 -0.022977434985642715 -0.57400254740672374 0.092188412876038614 -2.2332238402834594 1 CAMERA 1 71
72 1 0.90323064473343184 -0.41582331787363236 -0.015506313843823298 -0.1049996426563916 0.24885364885972316 -0.44529803802064655 3.2655317499484751 1 CAMERA 1 72
73 1 0.93425394232919623 -0.35417810296491942 -0.021073608388334133 -0.035823814035108689 -0.4118649324234141 -0.37063179607352514 1.2256389558993839 1 CAMERA 1 73
74 1 0.9759307751006826 -0.21083337295403298 0.019067202015303531 -0.052391343440633523 -0.52937676327855521 0.29312742749424314 -2.8815395813189753 1 CAMERA 1 74
75 1 0.96656162925846623 -0.094668211788655754 0.065452318603707982 -0.22915614875310586 0.21815989027410537 2.3359122140871698 -5.8356985306832954 1 CAMERA 1 75
76 1 0.97792302349879623 -0.17851315917534105 0.032133572121358811 -0.10376437565433028 -0.38459398682259305 0.78204180432848003 -3.8093417404306491 1 CAMERA 1 76
77 1 0.91047881779643947 -0.4059553341473161 -0.015695339270957672 -0.077344976220235159 -0.18715871703017364 -0.19703333957119828 1.9979606992130825 1 CAMERA 1 77
78 1 0.90248290591300573 -0.40020538585913273 -0.094005391152087878 -0.12854275591608749 0.63745542129320498 -0.65988232001876135 5.6071851439796268 1 CAMERA 1 78
79 1 0.97581172262433713 -0.21716328173802121 0.011267157131726976 -0.022464243229304848 -0.57759184897153415 0.069026311183070038 -2.151714577779007 1 CAMERA 1 79
80 1 0.94868662506486612 -0.31581766222494217 0.0036524326184785082 -0.015477447650484167 -0.49171492943669431 -0.49133845613166505 0.58717488611758628 1 CAMERA 1 80
81 1 0.93664281270825489 -0.34841194235337614 -0.020234212426132839 -0.029998941231512439 -0.41967786489988351 -0.38567777614880838 1.1534267595115131 1 CAMERA 1 81
82 1 0.97616593562420739 -0.21543824725045388 0.011472131869519427 -0.023554573630976322 -0.56547298611239449 0.10891462066279772 -2.3174234380625141 1 CAMERA 1 82
83 1 0.97335740795091319 -0.016809714941975286 0.076281316596701537 -0.21557817748771116 0.28231665380610454 3.805499718782908 -6.5101842726704353 1 CAMERA 1 83
84 1 0.94547225736152074 -0.32500805069983912 -0.0078049698636500171 -0.019775236671878513 -0.46176469251252311 -0.4604475884927548 0.75948736104265657 1 CAMERA 1 84
85 1 0.96932729295812559 -0.078199305574775196 0.072311046426331765 -0.22149623089078532 0.16163427821646018 2.7545762387846233 -6.2115357483588616 1 CAMERA 1 85
86 1 0.95389675054419798 -0.29956354228747473 0.0064388678537638643 -0.017355529786270692 -0.49146284795925854 -0.49873966355181093 0.47929219785301752 1 CAMERA 1 86
87 1 0.95948737144113749 -0.28043133649146013 0.014696496499664558 -0.022940413013434333 -0.59067421958618693 -0.43882808423317282 -0.04898066166619848 1 CAMERA 1 87
88 1 0.97328431921637271 -0.13353195816222616 0.049853714213580924 -0.18000404799891248 -0.03907889179718891 1.6720982326010105 -5.1600479646849955 1 CAMERA 1 88
89 1 0.97532722422301033 -0.15124470035374193 0.042588953144605354 -0.1550742640620667 -0.20055002002790187 1.2191544805427419 -4.1741906223475391 1 CAMERA 1 89
90 1 0.97505878654872413 -0.14658715283808371 0.044002897285161047 -0.16073678616752909 -0.17698532225037444 1.2875715823203038 -4.2666632274177427 1 CAMERA 1 90
91 1 0.90471602090371006 -0.3806282460382906 -0.12555313199084236 -0.14438653290824266 0.71770372713809072 -0.87422690032433503 6.484278273723624 1 CAMERA 1 91
92 1 0.96824979906415765 -0.083002667567768015 0.070884069244124145 -0.22489627056989361 0.17448413442697286 2.6080146325162912 -6.0089272273241621 1 CAMERA 1 92
93 1 0.97538054029051302 -0.13579310329267838 0.047923064304407681 -0.16702219801094015 -0.10581919019362374 1.5668861079077612 -4.8396468438679099 1 CAMERA 1 93
94 1 0.97508968768573578 -0.13963417195665187 0.046650129689086328 -0.16591010936921724 -0.14164443952695022 1.4369277477712752 -4.5500869852374368 1 CAMERA 1 94
95 1 0.97425722571749884 -0.13388259545797881 0.049693856434411689 -0.17443861213433726 -0.074864563321391797 1.6430850790863576 -5.0508761208029505 1 CAMERA 1 95
96 1 0.96717622610287546 -0.085162283854176776 0.069993063434183517 -0.22895087713576961 0.19454019035294601 2.5327497786808078 -5.908264357982314 1 CAMERA 1 96
97 1 0.96982039068547343 -0.075555195261937283 0.072345231017013262 -0.22024075424112904 0.16505024478282601 2.8264853389789097 -6.3150012502268096 1 CAMERA 1 97
98 1 0.94715525153799895 -0.32041149579819544 0.0010883160255528224 -0.015238714269312909 -0.48144568813898181 -0.47901169798597104 0.63408993955902682 1 CAMERA 1 98
99 1 0.96901734162854181 -0.080862295772422044 0.071456447624492103 -0.22217258345361757 0.16403025952233977 2.6804473723749456 -6.1127198491275418 1 CAMERA 1 99
100 1 0.93779111012554806 -0.34559857070766037 -0.020108299573908896 -0.026554057741888668 -0.421416404645854 -0.40598255243451892 1.1151903699415708 1 CAMERA 1 100
101 1 0.96050239687360472 -0.27690277179832434 0.014723495717967319 -0.023307064257623886 -0.603005938801496 -0.43707950763029141 -0.10654617588340302 1 CAMERA 1 101
