# Frame list with one line of data per frame:
#   FRAME_ID, RIG_ID, RIG_FROM_WORLD[QW, QX, QY, QZ, TX, TY, TZ], NUM_DATA_IDS, DATA_IDS[] as (SENSOR_TYPE, SENSOR_ID, DATA_ID)
# Number of frames: 79
1 1 0.99228287062666187 -0.10397017329939638 0.065731785816251317 -0.015628181545253816 -1.2328200781112506 -0.55481262328264513 6.0666255067749342 1 CAMERA 1 1
2 1 0.99102741420498341 -0.11556254846863029 0.064831996620772256 -0.017514962169072938 -1.0745896533099826 -0.36055208273128897 5.27177683601826 1 CAMERA 1 2
3 1 0.99084148190067589 -0.11733383747588352 0.064542671332546389 -0.017325469843975674 -1.053822251135665 -0.33485992733019621 5.1846393959053492 1 CAMERA 1 3
4 1 0.99065110351234298 -0.11883326101897654 0.064516464385906525 -0.018074097723406977 -1.0331125589494359 -0.30786151080306723 5.0953754563524765 1 CAMERA 1 4
5 1 0.99212988619496378 -0.10551249485343062 0.065244751917890878 -0.016986014710518478 -1.188152246869604 -0.51471073886000218 5.7830730444604059 1 CAMERA 1 5
6 1 0.99212810882145996 -0.10547540314134471 0.065396644477451485 -0.016734213743526669 -1.2070888628883822 -0.52099566751299486 5.8871682390561588 1 CAMERA 1 6
7 1 0.99047727404049035 -0.12031724045392277 0.064000582195160957 -0.019556501158254413 -0.98631418237617652 -0.26928529895225706 4.9028424554015926 1 CAMERA 1 7
8 1 0.99030630866966907 -0.12172198498408851 0.06383324330299793 -0.020062164140686137 -0.9514230069848626 -0.23988882781842241 4.7767797689053912 1 CAMERA 1 8
9 1 0.99042852972644224 -0.11970563014225204 0.065178423807114319 -0.021763793010053951 -0.70019362997138845 -0.11772042935319062 4.0657139345209661 1 CAMERA 1 9
10 1 0.99042707646278505 -0.12032439081927682 0.064427280890113126 -0.020624564491335332 -0.87865721024161214 -0.21471454400041154 4.5535581823635818 1 CAMERA 1 10
11 1 0.99021557969597362 -0.12085005435636338 0.065183404365611666 -0.024889634082087227 -0.66889100236288745 -0.084690146567231173 3.9779806799025352 1 CAMERA 1 11
12 1 0.98988736613943595 -0.12180476308402115 0.065592575526091934 -0.031372218337722295 -0.58884666009797204 -0.018163793537078914 3.7626795113410862 1 CAMERA 1 12
13 1 0.98994545871641926 -0.12033923532600976 0.066145125582554865 -0.033930510894438888 -0.51900026604251981 0.012174229343389468 3.5967655543423622 1 CAMERA 1 13
14 1 0.989918389282889 -0.12131759265003754 0.065567563901934967 -0.03231901664865322 -0.56986634688937954 -0.010319313166914991 3.7128221588402774 1 CAMERA 1 14
15 1 0.98953266927051353 -0.12168809191428669 0.067040070109485511 -0.039022221007368692 -0.46169966661593936 0.055222667705870671 3.4639354589086491 1 CAMERA 1 15
16 1 0.98675362727641935 -0.11677905570858062 0.07851563759653403 -0.080716949009804112 -0.20724801121486677 0.14205834395689368 2.9695736724765345 1 CAMERA 1 16
17 1 0.98470363861041121 -0.11386121868400514 0.083701829534789982 -0.10192335708628811 -0.12356408251598515 0.15133934992737008 2.8021463768278312 1 CAMERA 1 17
18 1 0.98786474122446366 -0.11719016994324669 0.075103933605670317 -0.068913832219311175 -0.26096304809692589 0.12512408384547699 3.0707328141693528 1 CAMERA 1 18
19 1 0.98579500811517062 -0.11547809704069585 0.081215273626180695 -0.090978516194181958 -0.16415859638672906 0.14798847102119375 2.8866000271707701 1 CAMERA 1 19
20 1 0.98355343098825287 -0.11279733443139169 0.083482174043770452 -0.11371075742133893 -0.09989873572287658 0.15446595726768439 2.7140537134892431 1 CAMERA 1 20
21 1 0.98305895873506066 -0.11131762561173651 0.077918929030065781 -0.12301264316203946 -0.098726374371243056 0.15465697781392826 2.6222713887679427 1 CAMERA 1 21
22 1 0.98117556821583218 -0.099131425313969609 0.04515629372798597 -0.15946276677742569 -0.11671686958199544 0.11848858211174397 2.2599027744129825 1 CAMERA 1 22
23 1 0.98043203533622569 -0.097653506012560121 0.036644111539989491 -0.16695516146368647 -0.11596967843047898 0.11181691036582395 2.1702062287191519 1 CAMERA 1 23
24 1 0.97871318603026713 -0.094458566036149327 0.024994074989869903 -0.18048095469682915 -0.09679192675321216 0.093584209033078583 1.9955025966270545 1 CAMERA 1 24
25 1 0.97950126930299841 -0.095735251807812699 0.030370764677124507 -0.17461283357198121 -0.10885053526230239 0.10380890622214409 2.0820227861884195 1 CAMERA 1 25
26 1 0.97875475080898233 -0.093702572456634825 0.021858753773442562 -0.1810556836095687 -0.075254790347830253 0.083508665898092138 1.9121370080486841 1 CAMERA 1 26
27 1 0.97852129912067187 -0.095418418879217939 0.0237692459833602 -0.18118061555024353 -0.010088153915247793 0.067460797906109052 1.738999578184186 1 CAMERA 1 27
28 1 0.97852062559231556 -0.094810841774113502 0.025511470734016845 -0.18126625288093473 0.014242800919141879 0.054677551678985276 1.6714979631295412 1 CAMERA 1 28
29 1 0.97968651716334765 -0.084630149951225114 0.029568336669273915 -0.17938165813202719 0.094463093168266205 -0.010053859723168367 1.3611747463219599 1 CAMERA 1 29
30 1 0.98000946569013159 -0.081106885006260315 0.030148310197592815 -0.1791485410338409 0.10428234896253641 -0.023931821534177354 1.3083899306756539 1 CAMERA 1 30
31 1 0.98060160406686225 -0.074737029980432565 0.030569346527195247 -0.17860679019595277 0.11943395999039395 -0.044767039291800467 1.218939993000836 1 CAMERA 1 31
32 1 0.98182133009195971 -0.059291498509396627 0.029755164018909087 -0.17783707204959578 0.13884594915471998 -0.086590482432674282 1.056586407312919 1 CAMERA 1 32
33 1 0.9811850709581551 -0.068014622769193719 0.030609693177064173 -0.17808120142791728 0.12944582866015519 -0.064889000793670951 1.1481634124461582 1 CAMERA 1 33
34 1 0.98307218520458783 -0.033667003662802154 0.027068393524814653 -0.17805312020133593 0.15989353044773588 -0.13420149230960848 0.83169784206081654 1 CAMERA 1 34
35 1 0.98198532219426038 -0.05750273179667495 0.029431592191060736 -0.177572644886687 0.14065830894371528 -0.089730380081263758 1.0381891375606604 1 CAMERA 1 35
36 1 0.98195061914021231 -0.021200960404071711 0.027812972907570985 -0.18587613990542595 0.16648188470226849 -0.15060037587471703 0.73374043725493532 1 CAMERA 1 36
37 1 0.98108344495766497 -0.01305160922483759 0.028745687856918729 -0.19099375632798887 0.17369984065325189 -0.1577498722115602 0.63249777526321382 1 CAMERA 1 37
38 1 0.98140934799175583 -0.010932194740163482 0.028741751384869341 -0.18944680129231634 0.17973868176585694 -0.15679709300703198 0.57058156798259363 1 CAMERA 1 38
39 1 0.98200102402522216 -0.0096601775835182362 0.029176707763451531 -0.18635822897461862 0.18852355923470474 -0.15233458130603689 0.46641210070661582 1 CAMERA 1 39
40 1 0.98177145650141084 -0.0084649578789057472 0.030325858211536758 -0.18743930753964233 0.19491048440758735 -0.14930204471299352 0.36024727191953992 1 CAMERA 1 40
41 1 0.98623924839483434 -0.0097300393542872256 0.027432300686662484 -0.16274194339134854 0.21489329498832174 -0.11769543414430361 0.034501028387206957 1 CAMERA 1 41
42 1 0.98721363195781286 -0.01003454220153175 0.026116896071495709 -0.1569282019875986 0.21823512342842924 -0.10960177110930962 -0.03340480193748864 1 CAMERA 1 42
43 1 0.98778821881997214 -0.010383926416865417 0.025248169077902234 -0.15339210798098402 0.22073071478382578 -0.10465218258709387 -0.077878521150484881 1 CAMERA 1 43
44 1 0.98836850900402129 -0.010684962047808706 0.024461233778375807 -0.14971696643081073 0.22264615726515716 -0.10011090488021175 -0.12352042768943942 1 CAMERA 1 44
45 1 0.98955954014313952 -0.010494999139496246 0.022935220001773581 -0.14190048339674791 0.22856956383943525 -0.085811310811610864 -0.2378580608355097 1 CAMERA 1 45
46 1 0.99182864597205467 -0.011101371338528251 0.020488641396478959 -0.1254309059098728 0.24242032704922892 -0.042853549195119661 -0.60065053947983227 1 CAMERA 1 46
47 1 0.99002176537818209 -0.010736903246677015 0.022295771080958815 -0.138724624987941 0.2307591108130462 -0.077386040054692892 -0.30872000301340408 1 CAMERA 1 47
48 1 0.99253750672668706 -0.011482093985988954 0.020264606078985906 -0.1196946322895561 0.24395030984067084 -0.025332399326714595 -0.72500931712176642 1 CAMERA 1 48
49 1 0.99295114727230138 -0.011365529654317884 0.019795564676167894 -0.11630554365742414 0.24560134471450004 -0.012532214365420798 -0.80090717326401617 1 CAMERA 1 49
50 1 0.99356729647457642 -0.012388244021241644 0.019124569199576998 -0.11092704647290419 0.24875282230428625 0.0075891716691224983 -0.92827434033966905 1 CAMERA 1 50
51 1 0.9940165539059721 -0.01294535238321717 0.018636729570390302 -0.1068465288322004 0.25078173158235717 0.019609190611085264 -1.0060840197788954 1 CAMERA 1 51
52 1 0.99430865378032696 -0.01310732468080693 0.018479018697469731 -0.10410103229672822 0.25127254815557987 0.026880856588242515 -1.0573657003970811 1 CAMERA 1 52
53 1 0.99512191704657849 -0.01349509953128813 0.01829550502420434 -0.095997536416788876 0.26380404710491906 0.10829181034216785 -1.5300770498603307 1 CAMERA 1 53
54 1 0.99496426984502628 -0.018414541994892109 0.021930853858742945 -0.096052298379052742 0.25195797893805399 0.11672776862505761 -1.656481234342408 1 CAMERA 1 54
55 1 0.99517228622575193 -0.01403017971591243 0.013909751074142204 -0.09613424785374225 0.28050334615826544 0.11757118674608104 -1.6065429724219686 1 CAMERA 1 55
56 1 0.99640705344486902 -0.013989224026338704 0.014040752131908153 -0.082341622136226936 0.29323713544204255 0.26666119109000014 -2.2939233165888169 1 CAMERA 1 56
57 1 0.99536413279462654 -0.014835842910451588 0.0052861245771300821 -0.094879912510987097 0.31632754839136301 0.1654128896685115 -1.8503208537038229 1 CAMERA 1 57
58 1 0.99661572661888731 -0.013647839704270727 0.012942106508572698 -0.080020821080732912 0.30233695722388509 0.28255214912258886 -2.3610123940998067 1 CAMERA 1 58
59 1 0.99814951469445767 -0.013560074929135657 0.010730649051211329 -0.058296859727387913 0.32301241304923639 0.45826355861691159 -3.0368333556915399 1 CAMERA 1 59
60 1 0.9984142299462877 -0.013014284731101812 0.010032997845018663 -0.053842295530011484 0.32977987926989405 0.50161502637973798 -3.1906861936224264 1 CAMERA 1 60
61 1 0.99852062353430449 -0.012876552694302924 0.009887070159941733 -0.051894167408554459 0.33187395785163615 0.52658878980590873 -3.2841611085615381 1 CAMERA 1 61
62 1 0.99878992766364061 -0.012526297328168694 0.0095450549468731969 -0.046590387409498696 0.33914813853611941 0.58729295622179789 -3.5018328524290716 1 CAMERA 1 62
63 1 0.99886670167643499 -0.011495308563316146 0.0099658701575931433 -0.045098243813657415 0.34112753624316161 0.63447488914425465 -3.6579933150075159 1 CAMERA 1 63
64 1 0.99903641092653206 -0.0030815670162713986 0.010242236378960998 -0.042565833501944629 0.3745449693465801 0.85238656548732417 -4.218459519470966 1 CAMERA 1 64
65 1 0.99909035841645166 -0.0014208619058307629 0.010959797143643953 -0.04118640209220728 0.37587023495555283 0.90172360644910632 -4.3447211678624402 1 CAMERA 1 65
66 1 0.99919746690602929 -0.00050331720673910292 0.011009824666163523 -0.038509123090303521 0.37759896505878354 0.93675983974278498 -4.4404402683415256 1 CAMERA 1 66
67 1 0.99931011960328409 0.00024651118355377102 0.010574102126342263 -0.035600736718896922 0.38158609204917465 0.96258248150393588 -4.5034183212175893 1 CAMERA 1 67
68 1 0.99948614446579453 0.00065864339029061861 0.0098533802304310442 -0.030494657037258184 0.38608213348246756 0.99568823193018985 -4.6002866138660243 1 CAMERA 1 68
69 1 0.99992212387384893 0.00030350906963598782 0.0060580003739724884 -0.010906635655639183 0.41333161841860749 1.089925812530415 -4.9254590875540201 1 CAMERA 1 69
70 1 0.99994196488497011 0.0009948999627300446 0.005768714747715873 -0.0090442780921991869 0.41854230449165142 1.1151834617897123 -4.9898315476916357 1 CAMERA 1 70
71 1 0.99996009789835527 0.0010732466820704057 0.0056897554494462071 -0.0068027520605149243 0.42355274010723531 1.1423330473688555 -5.089521605144383 1 CAMERA 1 71
72 1 0.99997340138326829 0.001124933399039561 0.0056019806105900719 -0.0045330854904255874 0.42603402442649807 1.1607398700429146 -5.1561737898498876 1 CAMERA 1 72
73 1 0.9999793030263403 0.0011759276459227339 0.0054699435025442377 -0.0031765439089197593 0.42793722838744874 1.1704021548930146 -5.1895984097725494 1 CAMERA 1 73
74 1 0.99998398364471897 0.0010418728575307707 0.0054670639729898921 -0.0010286722036215272 0.42997980342980996 1.1863786477590321 -5.2567022069615703 1 CAMERA 1 74
75 1 0.99997210357866329 0.0047103997257812525 0.0056097873076304929 0.0014609877651387871 0.45300633192742379 1.2967652253493849 -5.5121196249530575 1 CAMERA 1 75
76 1 0.99997120532481221 0.0047794041696986077 0.0051614495826093759 0.0028469729944491044 0.47114852605522906 1.3302570716678594 -5.6471956825673448 1 CAMERA 1 76
77 1 0.99996644500982923 0.0060363188840046279 0.0038863500794239715 0.0039456294548832812 0.49687166513706266 1.3706272611379777 -5.7443823181710592 1 CAMERA 1 77
79 1 0.99995988541206771 0.0067296013396612236 0.0039668852795094562 0.0043822201762564678 0.50375340647766875 1.3954730006038201 -5.8114601141170521 1 CAMERA 1 79
80 1 0.99995180179721044 0.0077013152515982277 0.0041919649739036889 0.0044171546911458779 0.50511903800980484 1.4156901558230324 -5.8435328834517941 1 CAMERA 1 80
