# Frame list with one line of data per frame:
#   FRAME_ID, RIG_ID, RIG_FROM_WORLD[QW, QX, QY, QZ, TX, TY, TZ], NUM_DATA_IDS, DATA_IDS[] as (SENSOR_TYPE, SENSOR_ID, DATA_ID)
# Number of frames: 79
1 1 0.99228287062666187 -0.10397017329939638 0.065731785816251317 -0.015628181545253816 -1.2328200781112506 -0.55481262328264513 6.0666255067749342 1 CAMERA 1 1
2 1 0.99107424712357828 -0.1142074034554183 0.065578099561796471 -0.020688608997871862 -1.1017490315376406 -0.39153352123177448 5.27177683601826 1 CAMERA 1 2
3 1 0.99089052317462423 -0.11583012969976236 0.065517223776415667 -0.020660240199151404 -1.0830814103567246 -0.37362715033872723 5.1716540502218313 1 CAMERA 1 3
4 1 0.99070947142766408 -0.11713867317418394 0.065613155087681424 -0.021637660454679426 -1.0655759719878091 -0.3511310229860945 5.0751839736546751 1 CAMERA 1 4
5 1 0.99213326870635188 -0.10492810532831764 0.065640452580151845 -0.01878831613883036 -1.2016109778426562 -0.50629066552791013 5.8368783011306835 1 CAMERA 1 5
6 1 0.99210103452183351 -0.1054753008663943 0.065436472291648881 -0.018126397928888548 -1.2139601957366315 -0.51514212900374501 5.9304081251630203 1 CAMERA 1 6
7 1 0.99054632309825363 -0.11830837493295512 0.065372066276417395 -0.023400922375096882 -1.0238206486119867 -0.3243697527487987 4.8588585160610132 1 CAMERA 1 7
8 1 0.99036771872357887 -0.11963411923123723 0.065453110391983024 -0.023986445464793456 -0.99098066250221828 -0.30596528435861747 4.7125610686393182 1 CAMERA 1 8
9 1 0.99016375140659174 -0.11807714310898423 0.069631221659246345 -0.028018326964438137 -0.76294819764844901 -0.22379592207784094 3.9101665024892758 1 CAMERA 1 9
10 1 0.99040465999358018 -0.11836156668690873 0.066730485556564204 -0.025222832747467984 -0.92494855336044313 -0.29404019006093213 4.4623197880890615 1 CAMERA 1 10
11 1 0.98989798684516883 -0.11938325518300205 0.069725444854314672 -0.031432091270873028 -0.73712901151786925 -0.19537770487062556 3.8113572982456216 1 CAMERA 1 11
12 1 0.98944774598630503 -0.12066227859370923 0.070237307244085417 -0.038736199585071782 -0.66495126811270922 -0.13676365231724819 3.5649585272379958 1 CAMERA 1 12
13 1 0.98938762960368698 -0.1194333419647455 0.071304490396780065 -0.04199362884514965 -0.59806299318972989 -0.10870545270067652 3.3765075288881476 1 CAMERA 1 13
14 1 0.98944846281045151 -0.12019333216080338 0.070387766632843116 -0.039885644717847599 -0.64763547376460329 -0.12975333789180216 3.5076036700216284 1 CAMERA 1 14
15 1 0.9889113467141617 -0.12072308812882175 0.072187628446596069 -0.047636442267238788 -0.54435807227313937 -0.06648901915597652 3.2236695117543079 1 CAMERA 1 15
16 1 0.98607735185563072 -0.11511078807851409 0.080038956820063789 -0.089413242959225619 -0.27079805811472468 0.062570621931167483 2.7616502187806682 1 CAMERA 1 16
17 1 0.98406587978659876 -0.11176111391574173 0.083272574634166721 -0.11040595984790362 -0.18702784456095339 0.082917370661201029 2.5955190861700417 1 CAMERA 1 17
18 1 0.98712296385040332 -0.1157815208229344 0.077933139580380631 -0.078162135527823112 -0.32971062813138996 0.039795166893649918 2.8590841377383174 1 CAMERA 1 18
19 1 0.98514089081322842 -0.11350614182449811 0.081808573129110426 -0.099604911417133693 -0.22645656376320555 0.075754676695187873 2.6821685058592935 1 CAMERA 1 19
20 1 0.98286364637266255 -0.1106488505518524 0.082185118435867399 -0.12239890039649037 -0.1669372052125486 0.08791384478789406 2.5069583184855477 1 CAMERA 1 20
21 1 0.98229902788309842 -0.10878952097812301 0.07624924722478027 -0.13205874542386248 -0.16414284578036625 0.095019019766854618 2.4200645829305731 1 CAMERA 1 21
22 1 0.97952620834904747 -0.096396919283106314 0.043772212637594725 -0.17123093911695575 -0.19063765851019326 0.063730981130815892 2.051741535368182 1 CAMERA 1 22
23 1 0.97864433703041531 -0.094631157300340149 0.035166237931247311 -0.17906295366730629 -0.18504499690751178 0.055990796162482606 1.9629665929903879 1 CAMERA 1 23
24 1 0.97669247318655228 -0.091141344514195588 0.023255531458238159 -0.19293586602152726 -0.16242227163293443 0.030211103034100031 1.7798334262572806 1 CAMERA 1 24
25 1 0.97759140661298638 -0.092367363465707134 0.028678671214609371 -0.18697819578817407 -0.17554140505600718 0.048634911501312876 1.8745678142328732 1 CAMERA 1 25
26 1 0.97671661342648619 -0.090275386247591641 0.020600203057270179 -0.19352168697214267 -0.13748034866931913 0.011946942539565015 1.6825868604063063 1 CAMERA 1 26
27 1 0.97659829309980384 -0.091247424780276601 0.022992611399995477 -0.19339343630673553 -0.070350192414403379 -0.015090077644086975 1.482081754829192 1 CAMERA 1 27
28 1 0.97663065703920882 -0.090410070463900719 0.024943098047180135 -0.19338154190533605 -0.04808935709945427 -0.032381099129695785 1.4019285678112361 1 CAMERA 1 28
29 1 0.97783265429411292 -0.079430347174499538 0.030045656411478421 -0.19139325660710418 0.026345771607537091 -0.10225048338155296 1.0640894955091205 1 CAMERA 1 29
30 1 0.97813885177868209 -0.075812571478743582 0.030688439123017077 -0.19119377696738693 0.03593433966345537 -0.11774361226758361 1.0055995026668461 1 CAMERA 1 30
31 1 0.9786466434632175 -0.06995131736040458 0.031294628160489529 -0.19073071773056879 0.05031742900144285 -0.14637800756799238 0.90721393056900512 1 CAMERA 1 31
32 1 0.97972618280215151 -0.055216354284881711 0.030834667099896108 -0.1900973020751491 0.070979163590632055 -0.19733789035222543 0.73069057490124489 1 CAMERA 1 32
33 1 0.97917856628951683 -0.063461527603572571 0.031521499520871882 -0.19023239708678083 0.061064192031070663 -0.16948954122573842 0.83220889083721361 1 CAMERA 1 33
34 1 0.98073171049491736 -0.030528858916460781 0.028259620884837456 -0.19087874326497556 0.096011264663014392 -0.25241077484101848 0.47760812875254188 1 CAMERA 1 34
35 1 0.97987919912174548 -0.053609032153208086 0.030583649825330142 -0.18980902814008538 0.072951456749115726 -0.20252048594350536 0.70938690200068921 1 CAMERA 1 35
36 1 0.97937244272395396 -0.018432440699337478 0.028044072324322978 -0.19925710419016168 0.10058982576295321 -0.26579073985212975 0.37159237858794236 1 CAMERA 1 36
37 1 0.97838127648828421 -0.010876450988181546 0.028455016198390783 -0.20455339812432055 0.10334626497136093 -0.27851769247935171 0.25508188615912236 1 CAMERA 1 37
38 1 0.97867708627859684 -0.0086652342512439119 0.028929379014988248 -0.20317274802102525 0.10683271969506229 -0.28153554626674177 0.18265933640113979 1 CAMERA 1 38
39 1 0.97924900333871467 -0.0072601915440373135 0.029609841996143579 -0.20035452661679931 0.11488098224319422 -0.28653356086902343 0.06173248487100752 1 CAMERA 1 39
40 1 0.9788150301566767 -0.0056532242188477655 0.030469262374455002 -0.20238775122440605 0.11801034677696684 -0.2878256721481241 -0.057712685914013406 1 CAMERA 1 40
41 1 0.9850965207770962 -0.0029277864384364533 0.027429956648863968 -0.16977594145718372 0.17393330848021341 -0.21717022653387219 -0.33175790929965154 1 CAMERA 1 41
42 1 0.98608133380216911 -0.0035220861210128766 0.026374820176393327 -0.16412058645080072 0.17853948094847755 -0.2187026175200526 -0.4093365734252809 1 CAMERA 1 42
43 1 0.98668386586564261 -0.0041282494842728983 0.02539509133259266 -0.16060197923075362 0.18371686198661302 -0.2213205896218417 -0.46138634215275498 1 CAMERA 1 43
44 1 0.9872739856735695 -0.0043772689828265009 0.024619482978045896 -0.15705030336287334 0.18767490872515344 -0.22283224770872603 -0.51647659143653857 1 CAMERA 1 44
45 1 0.98846974326289139 -0.0043821634858952655 0.022486270912350243 -0.14967541854771174 0.2015698606192548 -0.22428140623435905 -0.65760302290402539 1 CAMERA 1 45
46 1 0.99113754324820746 -0.0018181706079341401 0.022615727570448337 -0.13088771327365886 0.20656649444958697 -0.14121410329284376 -0.95238740355847695 1 CAMERA 1 46
47 1 0.98900109526058955 -0.004833914718418526 0.021876263308418593 -0.14620155931285533 0.20523591019811929 -0.2218453548498408 -0.73745721642205064 1 CAMERA 1 47
48 1 0.99205912910337879 -0.0034537194819412652 0.021899507865231007 -0.12380293913977412 0.21484948858330857 -0.13903050646310794 -1.0830863187429181 1 CAMERA 1 48
49 1 0.99247454059401818 -0.0040168159017394617 0.021096646573335296 -0.1205532370617375 0.21893937212449657 -0.13777536555515582 -1.1719536920607452 1 CAMERA 1 49
50 1 0.99309545021047985 -0.0042509108027057752 0.021350033920097516 -0.11527156015341748 0.2141721640148842 -0.12028814232205502 -1.3357898649713775 1 CAMERA 1 50
51 1 0.99356996224243888 -0.0053871852619443916 0.020340283066196934 -0.11124738760662876 0.22126547735884025 -0.11969834603312642 -1.42132421521595 1 CAMERA 1 51
52 1 0.99408598867087627 -0.0059880777499447509 0.01901734133402266 -0.10674985143639625 0.23377297055740551 -0.11694204147458566 -1.4704620988117822 1 CAMERA 1 52
53 1 0.99560322879830954 -0.0028920607806651381 0.018727872599644368 -0.091733928176620363 0.25791220375630003 0.035561297850893604 -2.0152176877246779 1 CAMERA 1 53
54 1 0.9959570563196174 -0.0099945933054306213 0.021681573556242423 -0.086599996766441575 0.25145660566543282 0.025191806557467881 -2.1466642259548667 1 CAMERA 1 54
55 1 0.99614616887184881 -0.0050194838686139619 0.013760431081281535 -0.086476965488432589 0.28893162610773582 0.033510738251002044 -2.0981723577985241 1 CAMERA 1 55
56 1 0.99736962900237536 0.00030564062707177751 0.014815952501102346 -0.070952218280727258 0.30118377216778669 0.49343184150184288 -2.0380597627420989 1 CAMERA 1 56
57 1 0.99668956673470066 -0.0099363488019278204 0.0047579693171605833 -0.080551463442052954 0.34372085867464303 0.014307759149640362 -2.3517481193991361 1 CAMERA 1 57
58 1 0.99706865045560678 -0.00020734671328911269 0.014653831673467538 -0.075095462601020652 0.29816959687778843 0.4821952903871653 -2.2394900096958685 1 CAMERA 1 58
59 1 0.99796712230254148 -0.0045171369454912935 0.010847811087568129 -0.062638193393549493 0.34141830943585022 0.60070898854666299 -2.4999632112021897 1 CAMERA 1 59
60 1 0.99828010826757252 -0.0053217764628149039 0.010085066375110507 -0.057504743880595045 0.34609507013662644 0.61615096486399401 -2.7509792563603579 1 CAMERA 1 60
61 1 0.99833606900508987 -0.0059710431054070638 0.010254859986938812 -0.05642940558207736 0.34235933016847842 0.6254779709785051 -2.9013442100662226 1 CAMERA 1 61
62 1 0.99844330178182472 -0.0065762207334023612 0.010562061540410096 -0.05437066584005782 0.34140752800436774 0.66082120982102377 -3.2647374259392441 1 CAMERA 1 62
63 1 0.99844687513440378 -0.0057858690013057584 0.010271620508774336 -0.054450482700971609 0.35187099634411068 0.69693300001043834 -3.5243488215806629 1 CAMERA 1 63
64 1 0.99825535718015057 0.00037176978166627179 0.010712555032838815 -0.058063282830283246 0.39750727474919362 0.89523489657914579 -4.0427041801657406 1 CAMERA 1 64
65 1 0.99823296286933128 9.361734412263018e-05 0.011648684936567824 -0.058268784234436453 0.39480246635239452 0.90942104875755869 -4.2321817852766426 1 CAMERA 1 65
66 1 0.99832961034893219 0.00053019932098486214 0.011934097457706695 -0.056526854742674056 0.39349147925774014 0.93004282505472913 -4.3724885598283034 1 CAMERA 1 66
67 1 0.99842332396986455 0.00046003830326873057 0.011977623896982141 -0.054837861405321077 0.39282800195242085 0.94003521199126649 -4.466689602666059 1 CAMERA 1 67
68 1 0.99865236662702628 0.00031365164350798705 0.011892404832290763 -0.050516561246713387 0.39063680425363129 0.95796163429352699 -4.6108648469036941 1 CAMERA 1 68
69 1 0.99995486766046604 0.0035957450395876838 0.0056150366307323521 -0.0067679113015970144 0.41057069870343899 1.1250123428005789 -4.8487581656734875 1 CAMERA 1 69
70 1 0.99996467346334339 0.0036653831358505798 0.0055042579340355228 -0.0051884425805972341 0.41354092020776007 1.136456564623638 -4.9416169165234471 1 CAMERA 1 70
71 1 0.99996983381306637 0.0031828891612174148 0.005573534954999365 -0.0043745158088089554 0.41837905676084713 1.146371985724628 -5.0842549016890661 1 CAMERA 1 71
72 1 0.99997621376230217 0.0028782799832235231 0.0056178203117900139 -0.0027798397245217877 0.42039415323541873 1.1533559520432921 -5.1803480243689117 1 CAMERA 1 72
73 1 0.99997838600255728 0.0026403606394942124 0.0055868823118327311 -0.0022456111525035682 0.42257275152157431 1.1555227476916605 -5.228996808062548 1 CAMERA 1 73
74 1 0.99997559673308123 0.0020905276025989031 0.0064292266426437608 -0.0017608740554522306 0.41675255058854577 1.1588493216333098 -5.3254566845503417 1 CAMERA 1 74
75 1 0.99996570187578537 0.0069602491113365493 0.0042894613662162809 0.0013230742854008063 0.47284580529699582 1.290650541329158 -5.5478891407177251 1 CAMERA 1 75
76 1 0.99996979400789798 0.0065144360653809326 0.0040234719261781748 0.0013359896002945073 0.49306654079263762 1.314754235175102 -5.6836872249148485 1 CAMERA 1 76
77 1 0.99992662233973983 0.0069020892573956527 0.0027588702722836241 0.0095655493800843611 0.50271504348210816 1.3460407088935995 -5.8201712016455289 1 CAMERA 1 77
79 1 0.99991954775687086 0.007500113202730441 0.0025372505901771368 0.0099100290153334106 0.51371154331893687 1.3629684380531346 -5.9244852843212419 1 CAMERA 1 79
80 1 0.99992440412233341 0.0077617792251166075 0.0024780325848047496 0.009208701231213208 0.52053531720858037 1.3711371730655972 -5.9689784130130601 1 CAMERA 1 80
