# Frame list with one line of data per frame:
#   FRAME_ID, RIG_ID, RIG_FROM_WORLD[QW, QX, QY, QZ, TX, TY, TZ], NUM_DATA_IDS, DATA_IDS[] as (SENSOR_TYPE, SENSOR_ID, DATA_ID)
# Number of frames: 101
1 1 0.90125135646186905 -0.37826896047669256 -0.13945330928102612 -0.15878085698878866 0.73807973529988502 -0.91795696846207908 6.8915330661683649 1 CAMERA 1 1
2 1 0.90276708383299853 -0.39561397875695997 -0.10138490167994219 -0.13498990284869625 0.67972501133856189 -0.76758423373165774 5.8774208324011061 1 CAMERA 1 2
3 1 0.90230069079223674 -0.37854841574081716 -0.13634343813055499 -0.15480641851909574 0.73125917208693536 -0.91661355499820185 6.803520187984649 1 CAMERA 1 3
4 1 0.90381201616409068 -0.37946832960580851 -0.1306290172155245 -0.14853850048012643 0.71339052239799283 -0.90397265929801318 6.6214316974882745 1 CAMERA 1 4
5 1 0.90348340483262357 -0.40911923204461037 -0.048381071978347318 -0.11831510063176437 0.40292715627098624 -0.69976701013181997 4.2350963730580773 1 CAMERA 1 5
6 1 0.90313972719698976 -0.40997646058589965 -0.042425046870698306 -0.12024163306452933 0.39425440965741571 -0.69614492745182799 4.1414293412441152 1 CAMERA 1 6
7 1 0.90344087743644474 -0.40959000733167356 -0.036069629540581558 -0.12136551691362703 0.37024253127144008 -0.6975141731416159 4.0228235033690112 1 CAMERA 1 7
8 1 0.90321160573911285 -0.39158007933922556 -0.10879608312289926 -0.13797553775932134 0.67242400627120313 -0.79911197509885756 6.0446810661932311 1 CAMERA 1 8
9 1 0.9028933012028254 -0.41370017514153395 -0.0074401436923070404 -0.11653538515303161 -0.026056004259626127 -0.64626559307858455 2.7550867471740257 1 CAMERA 1 9
10 1 0.9026731980165249 -0.41439110738809326 -0.0074683314232760114 -0.11578139628645322 -0.032654681366419996 -0.65062141756941227 2.7223376610370806 1 CAMERA 1 10
11 1 0.9154734550975191 -0.39343132933105796 -0.0073078096229182371 -0.084063892552763489 -0.45566689936304428 -0.6953912363518866 1.5709780795702373 1 CAMERA 1 11
12 1 0.90328044523092921 -0.41209054160249597 -0.019812038843539735 -0.11778499862901723 0.1587668076104119 -0.67692928584026868 3.2938622959970703 1 CAMERA 1 12
13 1 0.90350886425577759 -0.41126846763041974 -0.023906480646973621 -0.11814592640983607 0.19243041497953489 -0.68008647971168756 3.4356573476618095 1 CAMERA 1 13
14 1 0.90290353068551465 -0.39827079712247088 -0.092832308708525352 -0.13239240497441332 0.63954840463011842 -0.74538942205520753 5.6580605430146802 1 CAMERA 1 14
15 1 0.91227554822745338 -0.39995268743596069 -0.0078254289262416864 -0.087920046526216405 -0.43176564127986233 -0.66215768328876801 1.6660287656452437 1 CAMERA 1 15
16 1 0.95632483919701661 -0.28849397401402604 0.028039848897066177 -0.037786184859335083 -0.70772071171241047 -0.95695947653070579 -0.016988071639591519 1 CAMERA 1 16
17 1 0.94384949609168023 -0.3286101570840092 0.011004243694242164 -0.03228622011665918 -0.59852635902312024 -0.97791407156580479 0.57639377250896073 1 CAMERA 1 17
18 1 0.92990027802154018 -0.36233731474912528 -0.0091168855803721097 -0.062562174460052092 -0.54644269860706784 -0.83886514474457607 1.1559782886148435 1 CAMERA 1 18
19 1 0.90303767161818405 -0.39396457156892545 -0.10397999109878896 -0.13602588517637712 0.67518310675838333 -0.78059020507530552 5.948476172901767 1 CAMERA 1 19
20 1 0.90251656177037898 -0.39729641510994862 -0.097964850922370172 -0.13424716851656143 0.68084102639044752 -0.75716304057399486 5.8150408995553144 1 CAMERA 1 20
21 1 0.90254585650031582 -0.40768642899683943 -0.062522523711799644 -0.12366764554491741 0.39171170233592484 -0.69445329739873085 4.4864446082262672 1 CAMERA 1 21
22 1 0.90263487426663247 -0.41488428422759271 -0.0026279541634222159 -0.1145181571434503 -0.090807011643870436 -0.63850946097661287 2.5472734248874001 1 CAMERA 1 22
23 1 0.94830534555351975 -0.3152264864544288 0.018134092917059669 -0.031943520568200517 -0.61779068432394113 -1.0012817430122476 0.44960792641033742 1 CAMERA 1 23
24 1 0.92893291150711454 -0.36404362652534744 -0.0081315039235228884 -0.067005690423505029 -0.54828052822967455 -0.82821768320220168 1.1921812946646739 1 CAMERA 1 24
25 1 0.96811353440552328 -0.24613313110518351 0.026189272000650278 -0.038584819622225673 -0.76738603365151081 -0.71604134839347933 -1.3266265818568712 1 CAMERA 1 25
26 1 0.92017472002772793 -0.38357717281153358 -0.0077425270132095193 -0.078019807710951489 -0.49385412928144101 -0.73923220482450958 1.4394118274364573 1 CAMERA 1 26
27 1 0.97264679971641599 -0.21761650926497056 0.034554558719683381 -0.073533940248234189 -0.75170397090312036 -0.34789995335780571 -2.5185509100719106 1 CAMERA 1 27
28 1 0.96940127197540893 -0.15574387170956522 0.054376637574394246 -0.18179164338185802 -0.55735196856341152 0.49478778806019752 -3.8742506691215057 1 CAMERA 1 28
29 1 0.91801889709037321 -0.38819781162919609 -0.0075047912704436885 -0.080544656801460668 -0.47279001690148292 -0.71693624951393997 1.5068605507375847 1 CAMERA 1 29
30 1 0.969413423690201 -0.15787467925394918 0.053774901345405281 -0.18005960014672068 -0.56682871416085623 0.45477771554389373 -3.795713942026683 1 CAMERA 1 30
31 1 0.97260695766689476 -0.22037121867919271 0.032966338765347422 -0.066222748238073878 -0.75441258012635704 -0.39788087329023103 -2.3765178044363879 1 CAMERA 1 31
32 1 0.97421163222228491 -0.19532399699569983 0.041240574794991935 -0.10516390460131804 -0.70136439322584188 -0.062132798076239559 -3.1056141333234453 1 CAMERA 1 32
33 1 0.95387185874579794 -0.29735976091353594 0.022336945267436844 -0.03473773968467319 -0.63722155099868394 -1.0105525273201763 0.33728505864437552 1 CAMERA 1 33
34 1 0.97399030544763476 -0.19162110416755038 0.043107298204261138 -0.11298671679963594 -0.69664371443091433 -0.011604252231070132 -3.1806163436098269 1 CAMERA 1 34
35 1 0.90214659632284322 -0.40153087120694569 -0.088677915421238734 -0.13054005334549101 0.58191691809886548 -0.71322079648337633 5.4319436948101449 1 CAMERA 1 35
36 1 0.97339774243527366 -0.22283886553912147 0.028917311430691726 -0.044760072908464378 -0.752875245760949 -0.48712387313073902 -2.1052946227016909 1 CAMERA 1 36
37 1 0.95747024676287928 -0.28465977525853736 0.027908132105890018 -0.03795622578642846 -0.69113859984230142 -0.96741252266481992 0.10347833208004409 1 CAMERA 1 37
38 1 0.90247082622182861 -0.40676683720379841 -0.067838115209156169 -0.12443929481710166 0.38683735990436702 -0.6942286629897324 4.5851386760768582 1 CAMERA 1 38
39 1 0.9727054625312912 -0.21599699592154301 0.03502182250191848 -0.077219510897839586 -0.74556406905409411 -0.32492913648108673 -2.5892997356333654 1 CAMERA 1 39
40 1 0.97269526673841733 -0.1848396378740636 0.045895102212523263 -0.13263433163463084 -0.6704224805611585 0.088696572975100293 -3.3340090658661796 1 CAMERA 1 40
41 1 0.9636918700774314 -0.26307594727995065 0.026176979793303787 -0.037467202168317719 -0.72974418879700931 -0.91047984754887012 -0.34130184071644615 1 CAMERA 1 41
42 1 0.95931325620430319 -0.27832778516119699 0.027296586212893437 -0.038815162747073993 -0.72520515087054316 -0.94383807116537088 -0.16884061176408574 1 CAMERA 1 42
43 1 0.96248860857403118 -0.26737660239585392 0.026450248426015528 -0.03775996841466582 -0.73104438300925001 -0.9231600890643249 -0.28380450857488893 1 CAMERA 1 43
44 1 0.96412189670484394 -0.26133228795935659 0.025888557343735286 -0.038783838938945651 -0.76333891928285069 -0.81893889957818045 -0.90973062726809817 1 CAMERA 1 44
45 1 0.96701177253904713 -0.25043936572361453 0.026184008935284348 -0.038506538963161023 -0.76675637593820978 -0.74845313873678632 -1.2055996571441121 1 CAMERA 1 45
46 1 0.97354397563776796 -0.22279775370463673 0.028119891128553502 -0.042220376200301814 -0.75153360216926934 -0.50704815252294322 -2.0393589197065034 1 CAMERA 1 46
47 1 0.90648585190619202 -0.41045555335270356 -0.0055183243775167781 -0.098889772534355533 -0.36275154490254258 -0.6209770455743554 1.8906491222829731 1 CAMERA 1 47
48 1 0.96362085573861367 -0.26312961034848559 0.026145368348638891 -0.038911107120574343 -0.75958052761517592 -0.8416580338259515 -0.74744990169430026 1 CAMERA 1 48
49 1 0.90293180775360926 -0.41272835960049703 -0.014364352287801925 -0.11900889509458545 0.13012144204249315 -0.67226257355789343 3.1735623985122019 1 CAMERA 1 49
50 1 0.96508023208026705 -0.2577963618093414 0.026177817187959026 -0.038417487854341972 -0.76706093777777906 -0.79348236309004072 -1.0267142070344679 1 CAMERA 1 50
51 1 0.96350981786116863 -0.26348366683121272 0.026605689929960191 -0.038952862047191998 -0.75778134808844055 -0.85479949022060453 -0.64064019239716663 1 CAMERA 1 51
52 1 0.96984116237346796 -0.0021494733407665715 0.087264538723931973 -0.22757064795737114 -0.24087765908132849 2.9690381856287749 -5.6240335269409218 1 CAMERA 1 52
53 1 0.97035818570531596 -0.17174421119493019 0.049681129850040424 -0.16260597372957541 -0.61060136029643719 0.26454901820516052 -3.5645932396088558 1 CAMERA 1 53
54 1 0.96646861187146871 -0.051634394069698983 0.0799345766710996 -0.23850110077042327 -0.24653642232054099 2.2844036804420762 -5.6045615254940957 1 CAMERA 1 54
55 1 0.90182296470822876 -0.40647709530298676 -0.073692505154794016 -0.12673249781693322 0.39009524163978371 -0.69273233128609069 4.7114189377386255 1 CAMERA 1 55
56 1 0.96672849391206106 -0.033537686985481791 0.082591058327112096 -0.23977063976765267 -0.21680788368098541 2.5255322473060757 -5.6118796030680755 1 CAMERA 1 56
57 1 0.97260207699419166 -0.22749812982518886 0.027305964281308714 -0.039296120257533283 -0.76086338432306388 -0.58315877169859587 -1.7752336698089681 1 CAMERA 1 57
58 1 0.97276500092699947 -0.21397985524020491 0.035939301300654175 -0.081542879179582625 -0.74134943241043372 -0.29471130580722732 -2.6616536657413041 1 CAMERA 1 58
59 1 0.97861647517104444 0.0078113117711794298 0.097022328868728899 -0.18120553422316504 -0.61274533693553679 3.1973337711677972 -5.7112120667075983 1 CAMERA 1 59
60 1 0.90354002069265082 -0.40844532740644823 -0.051864835117546422 -0.118734512273362 0.40340495154880923 -0.69997001799557135 4.2990546520016109 1 CAMERA 1 60
61 1 0.93701423088992386 -0.34695514900658309 -0.0080554268411840799 -0.039516652008863978 -0.55305657545462572 -0.92864010594295676 0.90792135644056371 1 CAMERA 1 61
62 1 0.97275745359721755 -0.22135000578676789 0.032019913644250345 -0.061006856495556878 -0.7566632238418296 -0.42114211099606069 -2.308501715228088 1 CAMERA 1 62
63 1 0.96930347199764511 -0.14857483646371841 0.058231222169301794 -0.18704390369044246 -0.53557652642899212 0.68465570469926329 -4.2777667947719902 1 CAMERA 1 63
64 1 0.95681662770899256 -0.28694455549529618 0.027639054231479623 -0.037427873201479167 -0.69213120049757104 -0.96592763235359447 0.064053373112350001 1 CAMERA 1 64
65 1 0.97369253132254741 0.005377113270902594 0.090109061072521729 -0.20922308240772536 -0.36273483218945302 3.1095265373459875 -5.6621989938711526 1 CAMERA 1 65
66 1 0.96393094592582973 -0.26204279769106337 0.026036915892747339 -0.038636545854522322 -0.76288000518943488 -0.82606845003878049 -0.85424079094101846 1 CAMERA 1 66
67 1 0.91114641670097796 -0.40225074460987797 -0.0074156578916357548 -0.089171485418829632 -0.42234581180896297 -0.65224044127158609 1.7039200018970566 1 CAMERA 1 67
68 1 0.97416691660171628 -0.19899955099803621 0.040288982959365623 -0.098867563707142628 -0.71329733293161268 -0.10914373573960666 -3.0280319679421139 1 CAMERA 1 68
69 1 0.92634418172133437 -0.36939199165717829 -0.0070522861030139529 -0.073391271628822419 -0.53898115479485786 -0.80255313085674596 1.2651343520943572 1 CAMERA 1 69
70 1 0.97402332786401458 -0.20207081702983695 0.039153385920511437 -0.094408442697483552 -0.71755262467521108 -0.14483312576708215 -2.953287316803094 1 CAMERA 1 70
71 1 0.97348744264451881 -0.22349978978444865 0.027370097086235671 -0.040260660268209465 -0.75356918061574674 -0.54005310047555755 -1.9071921262983078 1 CAMERA 1 71
72 1 0.90316137278907305 -0.41298269776306068 -0.011280306141923588 -0.11669439036837347 0.075334282931182966 -0.66578375846066717 2.9960871328769305 1 CAMERA 1 72
73 1 0.93209269262045902 -0.35833815630209476 -0.0096988603692317807 -0.051989520185278693 -0.54959946937450865 -0.87329963634721963 1.055652539375705 1 CAMERA 1 73
74 1 0.97257949669588117 -0.21911874338544238 0.033775557388687247 -0.070251766006660499 -0.75380134471910032 -0.37388485606136679 -2.4473587325067476 1 CAMERA 1 74
75 1 0.9608159296087555 -0.097011338552810869 0.074380414296919842 -0.24877520690630281 -0.30117603053077763 1.5030760364824418 -5.0341466088447779 1 CAMERA 1 75
76 1 0.97342711883725985 -0.18851593964110769 0.043925575380820717 -0.12235983262854552 -0.67679322779099904 0.032229598909119764 -3.2575716329766498 1 CAMERA 1 76
77 1 0.90881507240036852 -0.40652400590925247 -0.0071717268680498922 -0.093498465929328811 -0.39367289461765442 -0.63258326955581512 1.7956190770341758 1 CAMERA 1 77
78 1 0.9022265012968903 -0.400387216110899 -0.090931402269302408 -0.13194278159064357 0.61634432161981356 -0.72457360356293998 5.5605664035594033 1 CAMERA 1 78
79 1 0.97320266405383427 -0.22487020281817077 0.027142578195768284 -0.039664177943351878 -0.7544178773305612 -0.55955584827456906 -1.8407661143199316 1 CAMERA 1 79
80 1 0.94619081660035087 -0.32169316769126832 0.016346733999202129 -0.031132438540496851 -0.61309152923477983 -0.99199491336779499 0.49750928972715774 1 CAMERA 1 80
81 1 0.9343608458188345 -0.35321360268626317 -0.0084647800515384088 -0.046241844435344848 -0.55416761628596312 -0.89751433061677388 0.98753901367936769 1 CAMERA 1 81
82 1 0.97364504311071531 -0.2227244208367922 0.027229280972067969 -0.040837833519824014 -0.74637740438304823 -0.52181772052915643 -1.9751092396058607 1 CAMERA 1 82
83 1 0.9677077181905327 -0.015809395032561038 0.085309446621776031 -0.23667305190972507 -0.2088844759749193 2.7681103940369791 -5.6117301852488843 1 CAMERA 1 83
84 1 0.94312996799265492 -0.33044691123969649 0.0049811660077336761 -0.035859312758643652 -0.59231776469172281 -0.96479100598765311 0.64549853571261862 1 CAMERA 1 84
85 1 0.96380982119618075 -0.083439574857796558 0.079800830397539144 -0.24029210012233052 -0.33823561377060529 1.7987555025041484 -5.356041680298266 1 CAMERA 1 85
86 1 0.95112621558013666 -0.30636570167345151 0.020039555482235794 -0.033126954137304578 -0.6262104084125657 -1.0057740109732598 0.39532689489871703 1 CAMERA 1 86
87 1 0.95674793551111559 -0.28696950372011176 0.028070059314749669 -0.038651825311587604 -0.71589058510348935 -0.95166621264208384 -0.061161305929403893 1 CAMERA 1 87
88 1 0.96751658949264563 -0.14681938387131357 0.059060118422983442 -0.19714872555517568 -0.50004297541341125 0.75259048841810494 -4.4509723096544116 1 CAMERA 1 88
89 1 0.96998575295803302 -0.16562692832305359 0.051783212255931348 -0.17033454905322326 -0.59837433006697871 0.34516927785136337 -3.6386325546581255 1 CAMERA 1 89
90 1 0.96964218474904407 -0.16114852969340884 0.053093464438684894 -0.17608597038564433 -0.58470067356926969 0.40485132136280894 -3.7172032567301518 1 CAMERA 1 90
91 1 0.9044858099791051 -0.38099523213522196 -0.12419458539213243 -0.14602656469268335 0.7124853788353549 -0.89047242244286606 6.4950685958515093 1 CAMERA 1 91
92 1 0.96258650043544369 -0.089607498511899114 0.077448638832013028 -0.24371999042539252 -0.32107028386719716 1.6594146466221633 -5.195031699337866 1 CAMERA 1 92
93 1 0.96981281009407461 -0.1493959300497695 0.057270351089551273 -0.18402194528935614 -0.54002889322115333 0.65412489769365245 -4.1936085222791597 1 CAMERA 1 93
94 1 0.96957580104262286 -0.15440616208901828 0.055147077400402561 -0.18176991774132989 -0.55730538230787641 0.52872796957868073 -3.9540401614401639 1 CAMERA 1 94
95 1 0.96858517988698989 -0.14764793101075221 0.058356265624952518 -0.19140894449800877 -0.5164192246469661 0.7169449670687118 -4.3652125408173728 1 CAMERA 1 95
96 1 0.9613178663983738 -0.093233073650248841 0.076581743285570048 -0.24761015794257882 -0.31336613088801624 1.5807546059022914 -5.1185138141247952 1 CAMERA 1 96
97 1 0.96438308089790736 -0.079610208910222552 0.079899762296249774 -0.23925617212547218 -0.33047254774822887 1.8730906208642955 -5.4364685994349742 1 CAMERA 1 97
98 1 0.94462611006763508 -0.32635255871238694 0.014279210663272795 -0.031170879730915597 -0.61047603514374671 -0.98436139794676247 0.54066552424277659 1 CAMERA 1 98
99 1 0.96343512552873556 -0.086934052161270953 0.078680781432703545 -0.2409243949984923 -0.33553535015164676 1.7258576184749566 -5.2777035891754078 1 CAMERA 1 99
100 1 0.93573157147660535 -0.35001808060318745 -0.0081829915068606009 -0.042741175028090592 -0.55242541380941523 -0.91029550296804329 0.95092623924390873 1 CAMERA 1 100
101 1 0.95779986503350867 -0.28340489340934905 0.027837429868842013 -0.039066128957516676 -0.72344845093506971 -0.94896084439171435 -0.11264775376919883 1 CAMERA 1 101
