# Frame list with one line of data per frame:
#   FRAME_ID, RIG_ID, RIG_FROM_WORLD[QW, QX, QY, QZ, TX, TY, TZ], NUM_DATA_IDS, DATA_IDS[] as (SENSOR_TYPE, SENSOR_ID, DATA_ID)
# Number of frames: 79
1 1 0.99228287062666187 -0.10397017329939638 0.065731785816251317 -0.015628181545253816 -1.2328200781112506 -0.55481262328264513 6.0666255067749342 1 CAMERA 1 1
2 1 0.9908483096537315 -0.11721102676322885 0.065119196153848216 -0.015514275804228773 -1.0682000130823497 -0.48409580649189798 5.27177683601826 1 CAMERA 1 2
3 1 0.99063771842583981 -0.11909990590303467 0.064994956698584488 -0.015092344075190951 -1.0452136303082722 -0.47057174876821556 5.1827923997041285 1 CAMERA 1 3
4 1 0.99042422097418659 -0.12080810159923619 0.064979002035739655 -0.015588277329596719 -1.0240877787712654 -0.45526593628735684 5.094215942324162 1 CAMERA 1 4
5 1 0.99211972205375176 -0.10580883681890398 0.06509531913583104 -0.016295600314909429 -1.1910074430460271 -0.5649814658003276 5.7797708482912746 1 CAMERA 1 5
6 1 0.99210339187962182 -0.10586226625042092 0.065250423235294758 -0.016322459155647541 -1.2098770957801037 -0.55186805251119542 5.8855925204450061 1 CAMERA 1 6
7 1 0.99024692192099595 -0.12246537967480163 0.064354195530800143 -0.016486416368744695 -0.97594041537855625 -0.4459884626764451 4.896943561405986 1 CAMERA 1 7
8 1 0.99005087356143884 -0.12402591293063389 0.064341454932029002 -0.01664385349561209 -0.93787977961729907 -0.43430851983108298 4.7699195315405589 1 CAMERA 1 8
9 1 0.99003947621016042 -0.1220439020906269 0.067941504106363251 -0.017637276654009704 -0.66385987673695213 -0.42020851497634898 4.0254956508312301 1 CAMERA 1 9
10 1 0.99014255180260757 -0.1225989310649339 0.065553276060789312 -0.01702930442657959 -0.86007749708015901 -0.44644929178283738 4.5380015466959369 1 CAMERA 1 10
11 1 0.98982235292555709 -0.12358199357944327 0.067566021891448794 -0.020347805719679982 -0.63347577758089557 -0.39617921290577868 3.9350860598295885 1 CAMERA 1 11
12 1 0.98954540457517082 -0.12497271209329386 0.067124500985552796 -0.026000286222420028 -0.54948906651367513 -0.35265155939268439 3.7084603867398531 1 CAMERA 1 12
13 1 0.98964208888235317 -0.12339002312462402 0.067763573674766722 -0.028134252943665655 -0.4715902120477648 -0.34287781223025304 3.5307742571401022 1 CAMERA 1 13
14 1 0.98959935622088047 -0.12440899732864752 0.067068608426039983 -0.02678278018975902 -0.52924192627880007 -0.35153793155774071 3.654150342776596 1 CAMERA 1 14
15 1 0.98929036301490147 -0.12499102977642741 0.0679753244673484 -0.032575687020125053 -0.40926734516266738 -0.31082682113951837 3.3919920860548323 1 CAMERA 1 15
16 1 0.98748467653287186 -0.1208290510931808 0.072917891387950934 -0.070408345671692643 -0.14407920387119527 -0.26858249768781584 2.881391183330333 1 CAMERA 1 16
17 1 0.9861509844273969 -0.11806465375266177 0.074273728971482156 -0.089723946813602087 -0.063567630328688424 -0.27419902261262996 2.7101204958501821 1 CAMERA 1 17
18 1 0.98826463398896092 -0.12096808278476508 0.071447293964756686 -0.059958488466254331 -0.19815748841595363 -0.276717609511828 2.984914146923586 1 CAMERA 1 18
19 1 0.98684147094136243 -0.11962202198354184 0.073874897336482379 -0.079856011861227413 -0.10315706397403858 -0.26975269137309393 2.7964484807706556 1 CAMERA 1 19
20 1 0.98544881674907903 -0.1170641258030236 0.07132096201863361 -0.10049845966256922 -0.049136374961211975 -0.2777545420031966 2.6218290418402734 1 CAMERA 1 20
21 1 0.9853788192567251 -0.11548276832848091 0.062568476544967 -0.10852418404325495 -0.058998771933656671 -0.28676960471655594 2.5289731038555652 1 CAMERA 1 21
22 1 0.98461239846982151 -0.10237863638954746 0.015149350087790397 -0.14081028649371402 -0.13089443525399605 -0.36606146817684965 2.1608456094735722 1 CAMERA 1 22
23 1 0.98399308507359673 -0.10062732504553776 0.0031293011440587325 -0.14704406637424744 -0.13554495453424287 -0.38298421780863229 2.0709859009000673 1 CAMERA 1 23
24 1 0.98252844585379806 -0.096990678595101298 -0.014139217132251703 -0.15821107386232547 -0.12232614195480036 -0.42665812450817459 1.8912715869281365 1 CAMERA 1 24
25 1 0.98321980307055934 -0.09836149044211405 -0.006245042682382909 -0.15350842155983188 -0.1331314552912051 -0.40123435419807452 1.9814172840374797 1 CAMERA 1 25
26 1 0.98256726913549641 -0.095946059411438189 -0.017911940823560752 -0.15822476949884712 -0.093584206290530547 -0.45276752643758678 1.8032376813135134 1 CAMERA 1 26
27 1 0.98255917057100861 -0.097406975516047295 -0.015538540494233472 -0.15763220231582384 -0.0063521714419436034 -0.50055773623119837 1.6246930490292246 1 CAMERA 1 27
28 1 0.98271267728793932 -0.096629443138153151 -0.013411812494660611 -0.15734887321487287 0.024675404026594485 -0.53020827569637019 1.5494948753807822 1 CAMERA 1 28
29 1 0.98418443775907183 -0.085037889785837734 -0.0086598432316372601 -0.15515977857947688 0.13003640355033411 -0.67795076671029231 1.1816079591433801 1 CAMERA 1 29
30 1 0.98457367858427325 -0.080999060975832801 -0.0082243053099472219 -0.15487473765024939 0.14333792011456228 -0.70733375061219705 1.1132431031021324 1 CAMERA 1 30
31 1 0.98518859350359256 -0.074109342970575143 -0.0079805423752249173 -0.15442652446481098 0.16263686322080312 -0.75394872139533864 1.0000099495950254 1 CAMERA 1 31
32 1 0.9864152021853313 -0.05707077872000537 -0.0098002425257298683 -0.15372680430035604 0.18877279898027449 -0.84153565221560389 0.78538784354583224 1 CAMERA 1 32
33 1 0.98580272903556676 -0.06660655121050281 -0.0082178759268442033 -0.15391235582994189 0.17629801400261541 -0.79445932146659004 0.90660437617601108 1 CAMERA 1 33
34 1 0.98748447224898628 -0.029161655015330204 -0.014576026164212986 -0.15430992970372262 0.21445071725318396 -0.94556379142451297 0.47684521256083862 1 CAMERA 1 34
35 1 0.9865607079519505 -0.055149664891566849 -0.010155960818481108 -0.15347097591253822 0.19087343080774069 -0.84986196317304397 0.76042887787528635 1 CAMERA 1 35
36 1 0.98654215891551045 -0.015699153544664515 -0.016627949162842871 -0.16190002028086137 0.21442388125242284 -0.97932378599170544 0.33947822928213139 1 CAMERA 1 36
37 1 0.98580611343545532 -0.0067791749568032337 -0.01730093857701117 -0.16685630651714212 0.21540453930755729 -1.0039992440565986 0.20321804986378733 1 CAMERA 1 37
38 1 0.98604157757085653 -0.0043058347368602262 -0.016888004642195528 -0.16558460794409594 0.22117954084779184 -1.0145499275915246 0.12523933925886999 1 CAMERA 1 38
39 1 0.98653516254807117 -0.0028074049693546737 -0.015951807509855767 -0.16274529600193327 0.23342941167847284 -1.0317106908506382 -0.0010276782815331436 1 CAMERA 1 39
40 1 0.98639519822239585 -0.0013409277987011727 -0.014911905498695565 -0.16370812414427377 0.23589717773600721 -1.0481113864917835 -0.12927579667958566 1 CAMERA 1 40
41 1 0.98993530221594439 -0.0012886530090138511 -0.012398545596812797 -0.14097060994097915 0.27342269978946093 -1.0786947989533862 -0.51469507333961895 1 CAMERA 1 41
42 1 0.99067001516712139 -0.0011211843497748078 -0.012435303899912873 -0.13570934828281858 0.28054155555188592 -1.0821041203112358 -0.59779092885532625 1 CAMERA 1 42
43 1 0.99110768341305477 -0.0016576797648554437 -0.012617038483709033 -0.13245233979550747 0.28561669811248985 -1.0882902986266019 -0.65071257116204506 1 CAMERA 1 43
44 1 0.99154934137108675 -0.001547903387556328 -0.012612858927565382 -0.12910624853716188 0.28994088242848653 -1.0913333985487339 -0.7068383073921285 1 CAMERA 1 44
45 1 0.99244908477018079 -0.00035716122609165136 -0.012456735512157074 -0.122022605754306 0.30092074107701933 -1.0943492498287248 -0.85076794309762693 1 CAMERA 1 45
46 1 0.99436421863451196 0.00018718984385529753 -0.01185538407842085 -0.10535281452192947 0.327078791550305 -1.1075943716824193 -1.2784954097572296 1 CAMERA 1 46
47 1 0.99282652474465882 -0.00073826885279285688 -0.012515194721704421 -0.11890465349860595 0.30487077574355315 -1.1006422414060175 -0.93562400779267985 1 CAMERA 1 47
48 1 0.99493164534538558 4.9683087311630357e-05 -0.010817919659126438 -0.099969951666302542 0.32959010371091191 -1.1119169630608843 -1.4314579182656233 1 CAMERA 1 48
49 1 0.99520005276635115 0.00019904445229627961 -0.010964652525980452 -0.097245008870087662 0.33284062088330124 -1.1136409493006196 -1.5253720339013856 1 CAMERA 1 49
50 1 0.99566192012267962 -0.00045539907683282173 -0.010783558679485212 -0.092416710023161958 0.33693012628511759 -1.115550491378632 -1.682835158810454 1 CAMERA 1 50
51 1 0.99598074317792962 -0.0010947137079370169 -0.010265196207736117 -0.088970706232180771 0.33746192505619688 -1.1190720218288459 -1.7769347624062326 1 CAMERA 1 51
52 1 0.99619437109785025 -0.00091138981348884158 -0.0098783125049866621 -0.08659309039189414 0.33806936241822494 -1.1188632453652727 -1.8416647656810616 1 CAMERA 1 52
53 1 0.99836519845245297 -0.0002789868279805634 -0.010724036420867529 -0.056141319259420806 0.4513913647181696 -1.0702338466221304 -2.369644709850609 1 CAMERA 1 53
54 1 0.99818026394933568 -0.0081814305821208532 -0.0069811895305942296 -0.059333699095916896 0.41566703108101521 -1.1140254286849214 -2.4897926740732159 1 CAMERA 1 54
55 1 0.99808360726371237 -0.001862920739716601 -0.01581370117573825 -0.059796064192367403 0.45724825055095558 -1.0853957392672362 -2.4493043913032206 1 CAMERA 1 55
56 1 0.99624927313340383 0.076439807412293698 -0.014353862057500314 -0.037925034844680336 0.59843099354741625 0.95370731058456149 -3.4773683693801081 1 CAMERA 1 56
57 1 0.99821562359464622 -0.0053048258078994479 -0.028289603380916663 -0.052317549400277302 0.55675602240037392 -1.0978856785032958 -2.6225077448964416 1 CAMERA 1 57
58 1 0.99643034045021961 0.074402463875898495 -0.015574262713053139 -0.036719100484646473 0.61105103885418721 0.91366693584387559 -3.7039470374120897 1 CAMERA 1 58
59 1 0.99776915788538023 0.065270326084581512 -0.012449369341348488 0.0064424613708743018 0.55186834496992654 0.86490350521525239 -4.3371665156272456 1 CAMERA 1 59
60 1 0.99774521133100769 0.065095978424944467 -0.012315791116866809 0.010739094380250095 0.54732942612701008 0.87359334003922995 -4.4722075259432721 1 CAMERA 1 60
61 1 0.99773282562659971 0.065017756682547501 -0.012107591610841895 0.01246219116028895 0.54354398021204209 0.87961322946094089 -4.5546358148750015 1 CAMERA 1 61
62 1 0.99762717626319863 0.065876118709197629 -0.011082750396682994 0.016659135889158183 0.5307074255686588 0.9081526783891184 -4.7477515831730432 1 CAMERA 1 62
63 1 0.99755419449423155 0.066816120722949665 -0.011001857472691083 0.01732611297013259 0.53154583673421385 0.9273103110959291 -4.8912028860177612 1 CAMERA 1 63
64 1 0.99654327990410596 0.063474657256119518 -0.012346397653433235 0.052153864949464335 0.54708058255792846 0.91290919660386438 -5.483636082960893 1 CAMERA 1 64
65 1 0.9964122183147589 0.064924539056868749 -0.011364853488171496 0.053087997951580444 0.53858742326720277 0.93873260592972885 -5.5944211239352475 1 CAMERA 1 65
66 1 0.99619837585618021 0.066243924017451217 -0.010742502956874152 0.055544010500678948 0.53090735831230884 0.96332857380520653 -5.6780844056879838 1 CAMERA 1 66
67 1 0.99602241413885295 0.066875815866716842 -0.010502118414855419 0.057936873353451032 0.52732246759969448 0.97743255463981626 -5.7342538784977535 1 CAMERA 1 67
68 1 0.99569188374989614 0.067720037061770016 -0.0099106017608811825 0.062557566989713501 0.51781583013213461 0.99973072694385789 -5.8200899356141464 1 CAMERA 1 68
69 1 0.99203912480189238 0.066773760098824561 -0.012286880985994857 0.10605975853355566 0.53190523533437017 1.0569221186839732 -6.1051257833726114 1 CAMERA 1 69
70 1 0.99177488885508114 0.067781910137024101 -0.012323993505099388 0.10787169081253441 0.53297027117737383 1.0766129488995775 -6.1656232839819376 1 CAMERA 1 70
71 1 0.9915252306315524 0.06816075981553385 -0.012067521429046581 0.10993726742545717 0.53276787520722479 1.0903399427562512 -6.2602392669943825 1 CAMERA 1 71
72 1 0.99126459802322076 0.068608835188013112 -0.011780863498047741 0.11202024680942944 0.5307134829004716 1.1023339481508525 -6.3236420912446514 1 CAMERA 1 72
73 1 0.99113456868090466 0.068889040019571107 -0.011553678146462892 0.11301804923191486 0.52849522861079212 1.1088907221063808 -6.3557620452425949 1 CAMERA 1 73
74 1 0.9908370745176206 0.069375076449132753 -0.01104112948710053 0.11535633484421534 0.52339839540556599 1.1214776918068456 -6.4199199273362302 1 CAMERA 1 74
75 1 0.98929309744279648 0.069790052171918804 -0.013986082504391217 0.12740841991822222 0.57668502042446002 1.1607951366882983 -6.6528292378353902 1 CAMERA 1 75
76 1 0.98688864893049366 0.069909572156545738 -0.015019679090828523 0.1446991899529588 0.58384486230350052 1.1963001582702095 -6.7473784888970387 1 CAMERA 1 76
77 1 0.98553184104667313 0.069603931747967765 -0.015955101903717725 0.15371310188666623 0.59719914080468095 1.2107585931403357 -6.8351237447408817 1 CAMERA 1 77
79 1 0.98499648624948732 0.070055855508823345 -0.016270464720845017 0.15687374274510424 0.6040841561125363 1.2252101474735595 -6.9004374286666987 1 CAMERA 1 79
80 1 0.98484475601901167 0.070063797005070927 -0.016209043295046847 0.15782628997269588 0.60559082468863201 1.2282279515045533 -6.9343069530228219 1 CAMERA 1 80
