# Frame list with one line of data per frame:
#   FRAME_ID, RIG_ID, RIG_FROM_WORLD[QW, QX, QY, QZ, TX, TY, TZ], NUM_DATA_IDS, DATA_IDS[] as (SENSOR_TYPE, SENSOR_ID, DATA_ID)
# Number of frames: 101
1 1 0.90125135646186905 -0.37826896047669256 -0.13945330928102612 -0.15878085698878866 0.73807973529988502 -0.91795696846207908 6.8915330661683649 1 CAMERA 1 1
2 1 0.90341244727786585 -0.3947404115974964 -0.0990990534838318 -0.13492714757922347 0.64510597613966614 -0.75150018275051333 5.8774208324011061 1 CAMERA 1 2
3 1 0.90235707050973668 -0.37828228937118441 -0.13655707203663212 -0.15493996555428635 0.72744008857806408 -0.91082464176640565 6.793976928376388 1 CAMERA 1 3
4 1 0.90375009380167159 -0.37957708433143572 -0.13023745947785861 -0.14898056635906945 0.69420697372435591 -0.8962473131819011 6.6072447634201454 1 CAMERA 1 4
5 1 0.9040599501289841 -0.40994259392326104 -0.043612671135816683 -0.11278568693166552 0.44968908849349476 -0.62904932865012531 4.4111869956475456 1 CAMERA 1 5
6 1 0.90376167537372665 -0.4110326165530816 -0.03738742852472389 -0.11344250721625956 0.45479956036193858 -0.62691784525155392 4.3258486928936195 1 CAMERA 1 6
7 1 0.90395254969932903 -0.41114449169619888 -0.031258079042790245 -0.11337075167128176 0.44791874981735241 -0.634617449953496 4.2096377722482305 1 CAMERA 1 7
8 1 0.90381885558130415 -0.39056703160586242 -0.10681386475199856 -0.1384184540262938 0.62960854502372587 -0.77881711839870893 6.050885888075241 1 CAMERA 1 8
9 1 0.90327986859153786 -0.41651625356690825 -0.00024192817790546584 -0.10295450928734096 0.071661968879157378 -0.52314700087556043 2.9813071167691554 1 CAMERA 1 9
10 1 0.90315499544853906 -0.41695904156807712 0.00014198177965599627 -0.10225552157294304 0.057606162884311342 -0.52027811047729577 2.952126733994838 1 CAMERA 1 10
11 1 0.91435587705670895 -0.3986692460422806 -0.0011498417079386313 -0.070815536543780158 -0.46163220684256234 -0.43648362991841927 1.8015081477758952 1 CAMERA 1 11
12 1 0.90394932403021089 -0.41384513139992207 -0.013328524554523189 -0.10691200697351548 0.25763696189669544 -0.56084022545693868 3.5244621946274495 1 CAMERA 1 12
13 1 0.90425838077365339 -0.41269533534332958 -0.017946911105950474 -0.10806132225834494 0.29164798746481602 -0.56452113149468974 3.6677439816245823 1 CAMERA 1 13
14 1 0.90359810195589563 -0.39751663574552826 -0.090544538168034164 -0.13150163898293429 0.60488974553439823 -0.72163899924604791 5.6868029671817535 1 CAMERA 1 14
15 1 0.91141200297167613 -0.40469706853420256 -0.0014937753849150871 -0.074472895700914463 -0.42443733884918433 -0.41583355607236716 1.9005613376075319 1 CAMERA 1 15
16 1 0.95205646061769522 -0.30272296211427774 0.036990881521399316 -0.024061976002286531 -0.84736100524002866 -0.61514441747025439 0.07653407618723515 1 CAMERA 1 16
17 1 0.94016211441353381 -0.33934032608982589 0.020388443817372537 -0.022970700238123424 -0.77013242026269313 -0.63442651135984396 0.75827088270700815 1 CAMERA 1 17
18 1 0.92744358388354209 -0.37037400461298353 -0.0022144827317531544 -0.051639050014738258 -0.64888901549101841 -0.53130612327304727 1.3819780425616002 1 CAMERA 1 18
19 1 0.90367392891343634 -0.39299385759871375 -0.10190463111926257 -0.13617894201484498 0.63507630734449394 -0.75870698762142785 5.9612851942476865 1 CAMERA 1 19
20 1 0.90325576898821991 -0.39633357841999445 -0.09552894292301721 -0.13387655310140212 0.64573481161395951 -0.73649620616547462 5.8324388372512121 1 CAMERA 1 20
21 1 0.90313571670980441 -0.40833608834516022 -0.058437095059363516 -0.11913279178741733 0.42008952600386901 -0.63208781890915133 4.6365205328800894 1 CAMERA 1 21
22 1 0.90296109942385794 -0.41790658334127834 0.005278552431111876 -0.099937367443357725 -0.0033768590768605599 -0.50559665121464392 2.7739019405344529 1 CAMERA 1 22
23 1 0.94447352169861154 -0.32670727976120562 0.027665779251147 -0.021603814933550649 -0.7831260916937709 -0.65358748541851397 0.6174677952081602 1 CAMERA 1 23
24 1 0.92667986775395661 -0.37173581389103438 -0.00089679013260937656 -0.055462628298151372 -0.6471445875180315 -0.525523431249872 1.4132084234592144 1 CAMERA 1 24
25 1 0.96324767347086881 -0.26556899405776185 0.033992687374715419 -0.021714652959479663 -0.85082856852060318 -0.37820830100338382 -1.4826763339230298 1 CAMERA 1 25
26 1 0.91863566878177794 -0.38970525404034395 -0.0012580190838502848 -0.065090248142034915 -0.53220401368665948 -0.46405103229199252 1.6630188609274834 1 CAMERA 1 26
27 1 0.96957085669101262 -0.23679545333675728 0.036358503947401248 -0.050381805497639875 -0.60800707806508336 0.037486007546672383 -2.9077609311269907 1 CAMERA 1 27
28 1 0.9730440002836257 -0.17187291370114546 0.045155131405129598 -0.14699009883561312 0.047387247078596574 0.98663278342897243 -4.4812181547203922 1 CAMERA 1 28
29 1 0.91667913080514052 -0.39386781032909068 -0.0011603179010380956 -0.067573462211644439 -0.49619825318144106 -0.44780538843139672 1.7361544317062985 1 CAMERA 1 29
30 1 0.97289429663162952 -0.17389464080396788 0.044789817341172461 -0.14570934679645522 0.026171185359923084 0.94402985257524497 -4.384714013233725 1 CAMERA 1 30
31 1 0.96926382375525633 -0.23939870356854417 0.035587267571916444 -0.044152543254087705 -0.64354826871158177 -0.0097064466045842859 -2.7339230620868396 1 CAMERA 1 31
32 1 0.97262588610478928 -0.21582261510760789 0.040548272046277742 -0.075995540139194254 -0.43894808337847224 0.32009132612826574 -3.6126936092344337 1 CAMERA 1 32
33 1 0.94971098391540665 -0.31073164507796325 0.031182361303194035 -0.022859398966927024 -0.78515998627739747 -0.67099173373956877 0.49146587032073558 1 CAMERA 1 33
34 1 0.97279106025758189 -0.21249240340632633 0.041134331136565637 -0.082658928008291971 -0.40356761494592991 0.36295095085868295 -3.7089267499785072 1 CAMERA 1 34
35 1 0.90280226546369313 -0.40112270957087592 -0.085756491982014182 -0.12920706413768898 0.54388711364869602 -0.68552656561504444 5.4814998299533189 1 CAMERA 1 35
36 1 0.96896643228515389 -0.24342869425291369 0.034177571263001971 -0.026046449690183417 -0.740620533933526 -0.1148837517335117 -2.4066717714165735 1 CAMERA 1 36
37 1 0.95316539976101933 -0.2992675369149233 0.036461807061212048 -0.024190879957598024 -0.82790438657390075 -0.6249341803818661 0.22500942757805048 1 CAMERA 1 37
38 1 0.90295751662099866 -0.40737099544195798 -0.064240129813566665 -0.12078824848387953 0.40786726549252289 -0.63761774246223757 4.7209910375437092 1 CAMERA 1 38
39 1 0.96982732712121578 -0.23500428688977026 0.036833343990755558 -0.053397055001258194 -0.59158967115360761 0.063968662395242001 -2.9922300007987199 1 CAMERA 1 39
40 1 0.97256074693295647 -0.20663352854209679 0.042254830248437777 -0.098197289820688247 -0.32674428149042267 0.4371526008344872 -3.9008565958030328 1 CAMERA 1 40
41 1 0.95899544674306869 -0.28035145886834306 0.035121368772116753 -0.022299822690488892 -0.87047532868282051 -0.57462748581968659 -0.2961699938935381 1 CAMERA 1 41
42 1 0.95489587600075132 -0.29372655184898505 0.036134090727823184 -0.024349665766416107 -0.86291439444808149 -0.60620964141387579 -0.10148161922032065 1 CAMERA 1 42
43 1 0.95784477913103871 -0.28420398601458569 0.035213966916668803 -0.022835278820809397 -0.86940255826243684 -0.58868568230551421 -0.23223300889645501 1 CAMERA 1 43
44 1 0.95948622554241592 -0.27863853526800259 0.034900739696330438 -0.022993216971952782 -0.8823416922836409 -0.47810583585945604 -0.98927137751249261 1 CAMERA 1 44
45 1 0.96224902882514851 -0.26907415482666736 0.034581651482912416 -0.021909247136488084 -0.86440947744822838 -0.40672040628171968 -1.3383728893034228 1 CAMERA 1 45
46 1 0.96910412464246742 -0.24317417897960225 0.033686035666424217 -0.023848800381433173 -0.75261556680420394 -0.13031924044582407 -2.3246770604990044 1 CAMERA 1 46
47 1 0.90665600325431639 -0.41325395045394342 0.001264942730094273 -0.084820186966353947 -0.31820909264618602 -0.38794127141525775 2.1301944917973339 1 CAMERA 1 47
48 1 0.95902555261596045 -0.2801723132822645 0.035152076231151935 -0.023190425532014725 -0.88548620388225974 -0.49950442773381182 -0.79069249138736886 1 CAMERA 1 48
49 1 0.90363743081185754 -0.41457896104406411 -0.0074748843159337707 -0.10727443684230172 0.23216968375016245 -0.55519764748037348 3.4047650841548598 1 CAMERA 1 49
50 1 0.9602959799198415 -0.27589139305272331 0.034848418924587898 -0.022386555958337963 -0.87646151947497686 -0.45731442928745764 -1.1275399039280107 1 CAMERA 1 50
51 1 0.95897911910964317 -0.28027506171802846 0.035552899493093898 -0.023257906790640673 -0.88708936841425479 -0.51035900963265268 -0.66144844928821755 1 CAMERA 1 51
52 1 0.97719304198226198 -0.021436232609392189 0.079458168322118591 -0.19575659917321578 0.5512781788254818 3.8299939487811265 -6.684180193317931 1 CAMERA 1 52
53 1 0.97239218362921787 -0.1888171789500705 0.043327964219671 -0.13009305003233496 -0.10024156606656145 0.72571554566157304 -4.1084217308473496 1 CAMERA 1 53
54 1 0.97284720816601455 -0.061679864532829268 0.075300996665903855 -0.20998491321027063 0.57307627348376611 3.1436100887059495 -6.6165586188971801 1 CAMERA 1 54
55 1 0.90257204801567548 -0.40656392587033291 -0.069701029989936242 -0.12333385074680105 0.39686950059517911 -0.63416593378320552 4.8374070564498224 1 CAMERA 1 55
56 1 0.97353348439260201 -0.046756471344045356 0.077546951350075929 -0.20984007598683713 0.59006093287725936 3.3796189820865226 -6.637388538213072 1 CAMERA 1 56
57 1 0.96802909999773945 -0.24765720727368068 0.033469004376652012 -0.021573015296984025 -0.79442441206666525 -0.21221237535886825 -2.0030099020831047 1 CAMERA 1 57
58 1 0.97023983746346154 -0.23252121614615959 0.036584338233465061 -0.056834215370720399 -0.55367820220290176 0.10158448455370588 -3.0787541043170412 1 CAMERA 1 58
59 1 0.98511353642284349 -0.020351999411640717 0.080997627317700036 -0.1502547864306811 0.17027168907860096 4.0196545651480466 -6.8601414169202837 1 CAMERA 1 59
60 1 0.90400470149785483 -0.409431039056526 -0.047164838656884672 -0.11365386892375812 0.44398275864749082 -0.63290218729646663 4.4679251092001824 1 CAMERA 1 60
61 1 0.93394631629241665 -0.35602676432897806 0.00070298654494832242 -0.0314440324255977 -0.7334345405858711 -0.58294342212977768 1.1400857555681538 1 CAMERA 1 61
62 1 0.96917295696172079 -0.24061231218274784 0.035040816705651061 -0.039769786078732466 -0.66350021246269431 -0.034156227621725474 -2.6485544171700734 1 CAMERA 1 62
63 1 0.97356901077626401 -0.16399124178084537 0.04785103641889045 -0.15159331182127267 0.13087731443506931 1.2096720068682241 -4.9946887766223789 1 CAMERA 1 63
64 1 0.95254826816696125 -0.30125558119030388 0.036480887043424025 -0.023791101158610904 -0.83099751414738898 -0.62233535635494408 0.17597335866456257 1 CAMERA 1 64
65 1 0.98075795264338572 -0.018039244328305462 0.080265106950867443 -0.17704783702995047 0.40445934081255924 3.9592278653110284 -6.7642830281529358 1 CAMERA 1 65
66 1 0.95928781300457222 -0.27930175125285567 0.035089260337197295 -0.022938338583716217 -0.88572481457644692 -0.48561175649576527 -0.92257332761919819 1 CAMERA 1 66
67 1 0.91046374566534638 -0.40661002853880052 -0.0012831353057377345 -0.075646586733903134 -0.40520637801621417 -0.40764907820764751 1.9371518416362641 1 CAMERA 1 67
68 1 0.97233458124814065 -0.21901128835464251 0.039946170221657896 -0.070737692688302836 -0.46761758773295664 0.27887414602348121 -3.5184394171617441 1 CAMERA 1 68
69 1 0.9243718838185484 -0.37662092841581318 -0.00044993299520353211 -0.060770833837127142 -0.60530377991657836 -0.51293093224605735 1.4805230123871482 1 CAMERA 1 69
70 1 0.97192329101780317 -0.2221064354416348 0.038969264841223247 -0.067195566150367217 -0.48489163237134131 0.24068138499377964 -3.4311408177452898 1 CAMERA 1 70
71 1 0.96897626822075178 -0.24390494389887687 0.033178210443108931 -0.022239071888570532 -0.77101973590287998 -0.16512640951871058 -2.1627140485733416 1 CAMERA 1 71
72 1 0.90358603556647143 -0.41542571552409963 -0.0042507732618187839 -0.10457381190926375 0.17415601713784098 -0.54779558372303039 3.2257384733357566 1 CAMERA 1 72
73 1 0.92949391749503341 -0.3663396253516904 -0.0019490212828880494 -0.042808148207528936 -0.69292028535825057 -0.5434409528083487 1.2899003806299443 1 CAMERA 1 73
74 1 0.96940416928062012 -0.23812258057193203 0.035794590640731858 -0.047664876837941836 -0.62254398072735062 0.014220830630904553 -2.8208199151564592 1 CAMERA 1 74
75 1 0.96635678237194089 -0.10192022416098993 0.069423633071777444 -0.2257148560503669 0.54892613342587815 2.2708354852634933 -5.8818877959642499 1 CAMERA 1 75
76 1 0.97277046491990948 -0.20945866710331026 0.04159803048028142 -0.090079371750524023 -0.36528240095865433 0.40058493781768845 -3.8053273202577316 1 CAMERA 1 76
77 1 0.90833850369227731 -0.41058898823285422 -0.00085895573547684881 -0.079605952334244251 -0.36269668847975295 -0.39641402125103703 2.0420321664154852 1 CAMERA 1 77
78 1 0.90289850856870901 -0.39980246513530893 -0.088459567855426996 -0.13079440718533458 0.58159996829593663 -0.69983690806359233 5.5996580341486366 1 CAMERA 1 78
79 1 0.96867552649497557 -0.24515114190143739 0.033072459272493998 -0.021791154897610528 -0.77871210296220161 -0.18541708621961273 -2.0823477116201099 1 CAMERA 1 79
80 1 0.94234811909437977 -0.3329269820717019 0.026085375566106444 -0.021428957732192524 -0.78567375675057793 -0.64838959753811964 0.67041970794511685 1 CAMERA 1 80
81 1 0.93158027787188047 -0.36159664224653315 -0.00035994633282883604 -0.03749566154662564 -0.71224595832299087 -0.55884646737305266 1.2185017442481103 1 CAMERA 1 81
82 1 0.9690988441884677 -0.2433970967099785 0.032966617865917695 -0.022770279142158192 -0.75632666139821092 -0.14934423093478422 -2.2456262599420973 1 CAMERA 1 82
83 1 0.97491802554635543 -0.031558992777246248 0.078734566456410901 -0.20576623018513315 0.60076184301774227 3.6319364214844381 -6.6473630928782166 1 CAMERA 1 83
84 1 0.93956591810357826 -0.3410645567323406 0.013793513498099168 -0.026468711047756978 -0.75981251683103268 -0.62198522520117405 0.83803097783567038 1 CAMERA 1 84
85 1 0.96959565112531088 -0.086104303196154058 0.075993766911411423 -0.21609088291874437 0.50135738264136875 2.6781288447942231 -6.2793676556792963 1 CAMERA 1 85
86 1 0.94715167217522356 -0.31870780558067263 0.029069090066401411 -0.02200073999530397 -0.78030759478947498 -0.66039339714950962 0.55697942575622961 1 CAMERA 1 86
87 1 0.95244367435166644 -0.30146464535566786 0.036899943423491954 -0.024667974449112028 -0.85288778687867606 -0.61266863402611071 0.022709884721580042 1 CAMERA 1 87
88 1 0.97255375037114444 -0.16175043710636147 0.046925708832410401 -0.16054275625358755 0.22383741507625579 1.2773380042767508 -5.2135303638993582 1 CAMERA 1 88
89 1 0.97264682254055657 -0.18227477793775257 0.044255673394436819 -0.13702371802687166 -0.053704728310527611 0.8188644618867299 -4.1916614216929773 1 CAMERA 1 89
90 1 0.97276845178827376 -0.1776100233904985 0.044468950563584818 -0.14212224045674324 -0.010307813585601644 0.88339876595846034 -4.2884531527437977 1 CAMERA 1 90
91 1 0.90441188658513794 -0.38128567554160392 -0.12351536593322338 -0.14630217841398252 0.68579139276120471 -0.88186844762505712 6.4838644113946007 1 CAMERA 1 91
92 1 0.96836905484466806 -0.091067329528765034 0.07397535258208679 -0.22021753409322115 0.51862913575537295 2.5289192462784937 -6.0688121203516001 1 CAMERA 1 92
93 1 0.97380937315132821 -0.16550016425743386 0.046874138336032108 -0.14868697168425257 0.11531343005993799 1.1676657508641684 -4.8827030721835269 1 CAMERA 1 93
94 1 0.97329073173232672 -0.1702330420471502 0.045284433855644707 -0.14722494003971598 0.067164420049480839 1.0292907195285339 -4.5798892683219812 1 CAMERA 1 94
95 1 0.9732164705209585 -0.1623275798370532 0.047892738555281908 -0.15558195243873454 0.16698686734257084 1.2540102619551408 -5.0994384193733833 1 CAMERA 1 95
96 1 0.9673232490968694 -0.093399276763093383 0.072621731131061198 -0.22425073249453403 0.54062530322226887 2.4489614003281446 -5.9635610278064064 1 CAMERA 1 96
97 1 0.97014305266366141 -0.083410663032436994 0.076284911471745043 -0.21458269022143817 0.50334423693180819 2.7500663136047323 -6.3859496008477237 1 CAMERA 1 97
98 1 0.94095796435758805 -0.3370003833852635 0.023624029372513244 -0.021696915596805023 -0.7815917392937638 -0.63702353591286398 0.71806606713765653 1 CAMERA 1 98
99 1 0.96916790779412076 -0.088878078532945215 0.074950483816299943 -0.21724796577634542 0.50503159862857394 2.6030382169926338 -6.176764357853842 1 CAMERA 1 99
100 1 0.93266930211512666 -0.35908569496750375 0.00014959553470251608 -0.034429844364500459 -0.72123141877421848 -0.5732951492602063 1.1839260071292026 1 CAMERA 1 100
101 1 0.95347195000648965 -0.2982213221702687 0.036653813780991223 -0.02473421697056984 -0.86036831641378098 -0.6102016189257794 -0.036902127209093638 1 CAMERA 1 101
