# Frame list with one line of data per frame:
#   FRAME_ID, RIG_ID, RIG_FROM_WORLD[QW, QX, QY, QZ, TX, TY, TZ], NUM_DATA_IDS, DATA_IDS[] as (SENSOR_TYPE, SENSOR_ID, DATA_ID)
# Number of frames: 101
1 1 0.90125135646186905 -0.37826896047669256 -0.13945330928102612 -0.15878085698878866 0.73807973529988502 -0.91795696846207908 6.8915330661683649 1 CAMERA 1 1
2 1 0.90292660518765766 -0.39500151159889213 -0.10341896822241392 -0.13417104192295737 0.69071692259447115 -0.75110032452883013 5.8774208324011061 1 CAMERA 1 2
3 1 0.90224558913500086 -0.37864642580196073 -0.1367651201184083 -0.15451564009133364 0.73473152621948923 -0.91870695937722791 6.787736454997904 1 CAMERA 1 3
4 1 0.9037014083775573 -0.37971443812230327 -0.13153558511812216 -0.14778058000128866 0.71687475277239165 -0.90012690469255008 6.6095727595547382 1 CAMERA 1 4
5 1 0.9034201350342983 -0.40984690831746146 -0.054297458460727199 -0.11361935293749412 0.64089926907416239 -0.53858097606203248 4.6114472417999286 1 CAMERA 1 5
6 1 0.90300839012566614 -0.41106415663637702 -0.048653301084364782 -0.11504330830199906 0.64621867290647406 -0.53655950485652093 4.5364924318042252 1 CAMERA 1 6
7 1 0.90310913431384598 -0.41139037268013173 -0.042911344527043628 -0.11537100717199705 0.64232522637847278 -0.54302809749830661 4.4365957749843901 1 CAMERA 1 7
8 1 0.90328346890370803 -0.39111849185086384 -0.1102323416198433 -0.13767400262430241 0.67405826502163735 -0.78580851843486332 6.0358456635586499 1 CAMERA 1 8
9 1 0.90314211916927289 -0.41452797419266568 -0.014359583791241599 -0.11088134896140246 0.29694767432454128 -0.2845347569089765 3.1510456675941896 1 CAMERA 1 9
10 1 0.90307275523065533 -0.41491052404190526 -0.014247082174896848 -0.1100267078889678 0.2877119016516656 -0.28262630869008715 3.1149159894318785 1 CAMERA 1 10
11 1 0.91544233818618792 -0.39533044604423229 -0.018080737446324779 -0.073159078862912147 -0.1343487535580539 -0.17090914296704232 1.9403797688336188 1 CAMERA 1 11
12 1 0.9038075180290116 -0.41161098202693464 -0.026379963225677708 -0.11407220243894454 0.47377252661873642 -0.34358810974282117 3.7090199970979878 1 CAMERA 1 12
13 1 0.90409182519317943 -0.41042782326229965 -0.030543190001599305 -0.11503950215278919 0.50325283028410461 -0.3518031287043476 3.8619582497507516 1 CAMERA 1 13
14 1 0.90295777044279457 -0.39795379285695459 -0.095757564585959604 -0.13088365968412149 0.66465399561126104 -0.72349520816423563 5.689956765751135 1 CAMERA 1 14
15 1 0.91218085964471418 -0.40200236812075185 -0.018213998887795044 -0.07738491821829295 -0.10553585852546349 -0.15173060691504617 2.037852803488736 1 CAMERA 1 15
16 1 0.95643168624519648 -0.29036925295177296 0.012781694601018424 -0.027581783291225161 -0.42320894236000778 -0.37121942081176151 0.22679548647226758 1 CAMERA 1 16
17 1 0.94370145484206636 -0.33005630670416009 -0.0037089562026355748 -0.021832136351335865 -0.32332279977984446 -0.39619291256749045 0.88619848862635286 1 CAMERA 1 17
18 1 0.93001265550302148 -0.36325411816902187 -0.021920000792784718 -0.051404472594399543 -0.25247182737188617 -0.2530182754743347 1.5422615965857736 1 CAMERA 1 18
19 1 0.90316492965944895 -0.39327663917585226 -0.10608302030260176 -0.13554699448997223 0.68182654081642857 -0.75976026896951443 5.9555783097232471 1 CAMERA 1 19
20 1 0.90270853611525104 -0.39660385495349582 -0.10022978515691253 -0.1333291837074233 0.69342669211795327 -0.73676716190210256 5.8301447643195683 1 CAMERA 1 20
21 1 0.90249701225627332 -0.40810048351056705 -0.067275448224607654 -0.12011308127394063 0.59395930962166577 -0.54512715931452327 4.8031739149651633 1 CAMERA 1 21
22 1 0.90317527522536079 -0.41537920858549215 -0.010102845143216632 -0.1078539188740912 0.24112059598695862 -0.24465733214042965 2.9272779993468561 1 CAMERA 1 22
23 1 0.94849086225533286 -0.31603881169274017 0.0032043768422847308 -0.021778101180529374 -0.34304356047302975 -0.4105187196599438 0.75173374962065453 1 CAMERA 1 23
24 1 0.92905531372731132 -0.36514461859591424 -0.020452282031976673 -0.055743481279662707 -0.25367192984548875 -0.25151721835976409 1.5707795599847991 1 CAMERA 1 24
25 1 0.96799547157496235 -0.24955316492387153 0.0082886685181117713 -0.025284043605468154 -0.40988088582723536 -0.10046126381903113 -1.304190968082225 1 CAMERA 1 25
26 1 0.92001514164692466 -0.38566197351077502 -0.01875873838545708 -0.066970822470316063 -0.18567337539085735 -0.20041118482327977 1.8089713633083058 1 CAMERA 1 26
27 1 0.97387851476078957 -0.21840723000464987 0.019349441295708619 -0.059029818655997962 -0.29646545832812704 0.38457325427294248 -2.6660007216780079 1 CAMERA 1 27
28 1 0.97311292903416569 -0.1483967410473718 0.050120909317201118 -0.16887133872353832 0.15329349446043464 1.4679279219976795 -4.0737061255899158 1 CAMERA 1 28
29 1 0.91785527677997703 -0.39035592926630247 -0.018451527003399013 -0.069451281665901615 -0.1571835195901165 -0.1885508250538788 1.8745523973345004 1 CAMERA 1 29
30 1 0.97313994315609065 -0.14963099983400679 0.048966633954607847 -0.16796274492277322 0.15142714737426083 1.4377375830345234 -3.968309832944267 1 CAMERA 1 30
31 1 0.97376929245177368 -0.2208449426068152 0.016634880649378833 -0.052193458869343907 -0.29943355927019866 0.33851041254823871 -2.4953877499776289 1 CAMERA 1 31
32 1 0.9766925232061705 -0.18867194695374548 0.029824274723422368 -0.09790364744517914 -0.12788327247723963 0.89006785303838787 -3.2778238942562963 1 CAMERA 1 32
33 1 0.95419764171531374 -0.29811378813535833 0.0062443820041258946 -0.024413880517159488 -0.34332248659265852 -0.41762528495215218 0.64204873006535557 1 CAMERA 1 33
34 1 0.97694813458133345 -0.1832656548050651 0.030359828870093957 -0.10518708522391497 -0.075461786683746229 0.96442162292311107 -3.3661326174842165 1 CAMERA 1 34
35 1 0.90203054439500918 -0.40180239372369075 -0.091577186906732888 -0.12848872407571943 0.6200345943148885 -0.68774763948482409 5.4886886973307139 1 CAMERA 1 35
36 1 0.97369160854609216 -0.22556347444591593 0.010642096067408459 -0.030537128779652215 -0.34185117542249915 0.1974819054715205 -2.2220901857854463 1 CAMERA 1 36
37 1 0.9575890718054002 -0.28652039508220878 0.012332585002339856 -0.027877232788878593 -0.40386582510753277 -0.38148491985019062 0.37837650485080043 1 CAMERA 1 37
38 1 0.90246219260428062 -0.40688665521687473 -0.07243612022716657 -0.12148353473921866 0.57607458043187543 -0.54827540691571475 4.8804542109355165 1 CAMERA 1 38
39 1 0.9740062460545531 -0.21668624310989937 0.020843631128473365 -0.062645412721238719 -0.29540636118658409 0.41212646286558408 -2.7479920842723993 1 CAMERA 1 39
40 1 0.97574867757200645 -0.17799982813390983 0.034399652737560238 -0.12266720544756046 -0.022899250874994989 1.0239244478076386 -3.5353855846284343 1 CAMERA 1 40
41 1 0.9634142289972828 -0.26645124121597397 0.011056860725138479 -0.026730231030488865 -0.44631121620631764 -0.33676970418030494 -0.13238246471518608 1 CAMERA 1 41
42 1 0.95931755693237164 -0.28062975327782891 0.012199531590619889 -0.028424249603117194 -0.44192726903326379 -0.36255108238332395 0.056595439767764696 1 CAMERA 1 42
43 1 0.96225859008081538 -0.27057493195379279 0.010856390937710897 -0.027013899934790531 -0.44008020817938859 -0.35025214858650666 -0.07078920431384049 1 CAMERA 1 43
44 1 0.96408382410843485 -0.26402020580301511 0.0099372827084650457 -0.027147033586751582 -0.44682393362321132 -0.21366302257320605 -0.8140322556927122 1 CAMERA 1 44
45 1 0.966849263169414 -0.25389136030129561 0.0088157512948369016 -0.025767460143162106 -0.42123994004892751 -0.14008582966202673 -1.1616396764824461 1 CAMERA 1 45
46 1 0.97393137116109973 -0.22492243605269943 0.0094525306997498698 -0.027896804328685316 -0.3415987012337488 0.18430798291994019 -2.1418341360151216 1 CAMERA 1 46
47 1 0.90701438331870676 -0.4111537195719478 -0.0149152091711433 -0.089750007635204826 -0.022522036804962158 -0.12129803904240274 2.2548855049828083 1 CAMERA 1 47
48 1 0.96359179866439937 -0.26573176279405553 0.010560310458645609 -0.027675903455781199 -0.4531947974091235 -0.23862020141139259 -0.61639506532417088 1 CAMERA 1 48
49 1 0.90345233958779203 -0.4124187253972903 -0.020988449213512107 -0.11508323090107248 0.44466809288759168 -0.33460034279225054 3.5866841416642847 1 CAMERA 1 49
50 1 0.96529968404907318 -0.25974268328695882 0.0086091455400725218 -0.025615250666684238 -0.42130948886939573 -0.17168947344034741 -0.95540121420277391 1 CAMERA 1 50
51 1 0.96351074712335516 -0.26597276562015132 0.011295307843231017 -0.027891650128416122 -0.45951657323408701 -0.25412857113264675 -0.48913265403611911 1 CAMERA 1 51
52 1 0.97107338696028389 -0.017300971514619661 0.10820554992661914 -0.21215256889137973 0.25583785621946198 3.8048878005511835 -5.5337669483705039 1 CAMERA 1 52
53 1 0.9740124240858643 -0.1619333183683829 0.042133539370814675 -0.15265046016527969 0.11980689350795476 1.2690232069668663 -3.6868148947217319 1 CAMERA 1 53
54 1 0.96689235951041241 -0.061624732937392845 0.1028092844347879 -0.22528162029955551 0.26758867536277758 3.1745897026569487 -5.5336637104452677 1 CAMERA 1 54
55 1 0.90202573407664399 -0.40609741189620813 -0.077407022093911912 -0.12426833886892896 0.55777161314706591 -0.54865645980179945 4.9814677041327808 1 CAMERA 1 55
56 1 0.96743844970635906 -0.045391395086658549 0.10502656748490496 -0.22576954489962711 0.29674212901882174 3.3882907763520569 -5.5340336198883637 1 CAMERA 1 56
57 1 0.97313897994895737 -0.22865420650409471 0.0079368012179041082 -0.025588801033190431 -0.3554674319499479 0.11265127567818778 -1.8177129987651337 1 CAMERA 1 57
58 1 0.97407258765077032 -0.21417719713805497 0.023666370335680857 -0.068924778770422718 -0.29317839360109821 0.47265895980688272 -2.8062875730050916 1 CAMERA 1 58
59 1 0.97925506488616654 -0.0081173401998431462 0.11527338544447387 -0.16645021264942655 -0.15899562156396774 4.0803892584689239 -5.6215292368263157 1 CAMERA 1 59
60 1 0.90337416186841901 -0.40925548973039755 -0.05760772277091987 -0.11448326546362821 0.6326597230604496 -0.54283629275011114 4.6625042527108382 1 CAMERA 1 60
61 1 0.93712429609271519 -0.34714454476934525 -0.02171838704531049 -0.028583743172768485 -0.28047541561851475 -0.31883477947562577 1.2778045515000811 1 CAMERA 1 61
62 1 0.97384999629203561 -0.2219133779908333 0.014491234537643524 -0.046482701215349247 -0.29790995205943066 0.30858704457770036 -2.424482913634455 1 CAMERA 1 62
63 1 0.97272944163970809 -0.14462098474410984 0.055280179853197782 -0.17270294107033834 0.16107050596565903 1.6235174058197968 -4.5940094702118186 1 CAMERA 1 63
64 1 0.9569698742731273 -0.28863989374486115 0.012259331267143988 -0.027301653237722261 -0.40610695351237774 -0.37735973026001407 0.32821039241188327 1 CAMERA 1 64
65 1 0.97477756989682385 -0.011451073161064555 0.11096591634646258 -0.19329802781946073 0.095192692150886465 3.9509364284245221 -5.5790112698977357 1 CAMERA 1 65
66 1 0.96389956854176251 -0.26466625725336501 0.010411798721547417 -0.027221103649159851 -0.45379945121482207 -0.22052819633842691 -0.74593881041908117 1 CAMERA 1 66
67 1 0.91127725516184155 -0.40377872391881214 -0.017821900825223971 -0.078859914951601245 -0.093487397847335299 -0.13364593857147269 2.0794717767040996 1 CAMERA 1 67
68 1 0.97677476954309184 -0.19166741959923578 0.02798741571448448 -0.091604336195603139 -0.13893759898038091 0.85311772621300352 -3.1788144761957544 1 CAMERA 1 68
69 1 0.92656257580143886 -0.37052907829364595 -0.018777449457274463 -0.061946772756494184 -0.23649317405901973 -0.23528589521978963 1.6338065813666027 1 CAMERA 1 69
70 1 0.97634461844448939 -0.19628428608659204 0.02711555761468698 -0.086535608885624948 -0.17392827143817588 0.78473564664360862 -3.1000746795377294 1 CAMERA 1 70
71 1 0.97390480369889654 -0.22528487564398647 0.0082371648600403358 -0.026235610405658305 -0.34457537451649256 0.15272893069701296 -1.9771646883955267 1 CAMERA 1 71
72 1 0.90348514565517057 -0.41331210116868017 -0.018252107954675037 -0.11204712920552778 0.39523315681833349 -0.32338790034027548 3.3998445898910434 1 CAMERA 1 72
73 1 0.93226500216959363 -0.3587078000615338 -0.022917945230718047 -0.041054204305344282 -0.26813769355179723 -0.27182923599634307 1.4374410661062125 1 CAMERA 1 73
74 1 0.97374573148843391 -0.21988819427910422 0.017957694818891534 -0.056088801213091274 -0.29697675473578572 0.35713556736964458 -2.5812032202416946 1 CAMERA 1 74
75 1 0.96124274964999612 -0.092829009456236317 0.097484295244365082 -0.24060748830698456 0.28892895371307065 2.5485637919999453 -4.8949742689066049 1 CAMERA 1 75
76 1 0.97643583583247862 -0.18056246979699658 0.031994662159179323 -0.11378310329858779 -0.044420329503820986 0.99548738773587298 -3.4537957206969874 1 CAMERA 1 76
77 1 0.90894939983807432 -0.40806750334254122 -0.017521338286002237 -0.083575737833759087 -0.050026794269435189 -0.13384416692434661 2.1598616621636793 1 CAMERA 1 77
78 1 0.90217485010782883 -0.40047353292681243 -0.093720369175365623 -0.13006914184258256 0.6464636711518964 -0.69931832753380252 5.6073458417571782 1 CAMERA 1 78
79 1 0.97367156959591294 -0.22634807703843554 0.0079884361957979298 -0.025814869141168862 -0.3485718975905937 0.13553728359035785 -1.895686260818892 1 CAMERA 1 79
80 1 0.94620091414028284 -0.32289769684528324 0.0017141122586063842 -0.020927715385809766 -0.34313574234731459 -0.40718050317459348 0.80013278368374852 1 CAMERA 1 80
81 1 0.93466849361977333 -0.35310010755510496 -0.021871372385184815 -0.035167657714217773 -0.27790221901320455 -0.28335474888598694 1.3660005928722219 1 CAMERA 1 81
82 1 0.97392439832825362 -0.22512223017345209 0.0084393480628437208 -0.026833285802437025 -0.33856866487201098 0.16400161593955284 -2.0611234322282499 1 CAMERA 1 82
83 1 0.96880042255615739 -0.02905565166238594 0.10661283652549475 -0.22184502124111949 0.30729425180480552 3.6154669317112793 -5.5223894927207162 1 CAMERA 1 83
84 1 0.94316875559344682 -0.33122626763083557 -0.0096873790789012652 -0.02506018336395632 -0.3122261732778821 -0.36788309122353696 0.97534180396138082 1 CAMERA 1 84
85 1 0.96440230757249579 -0.08182102842355185 0.10243762625241375 -0.22965200017489271 0.2304338698995485 2.8357862615605272 -5.2402239177008223 1 CAMERA 1 85
86 1 0.95134977424318923 -0.30723580026438518 0.0045976582710002302 -0.022773485059640507 -0.34268722833490739 -0.41474077234044548 0.69830411235725098 1 CAMERA 1 86
87 1 0.9568293170857366 -0.28896900791717084 0.012890707642752103 -0.028432377408162499 -0.43190346817128206 -0.36835744300433976 0.17373323595168214 1 CAMERA 1 87
88 1 0.97073374023588088 -0.14552236129973234 0.057225925149808753 -0.18227572910334555 0.19479298406656234 1.6446995808496117 -4.8093463373683383 1 CAMERA 1 88
89 1 0.97368121702513655 -0.15621307617820696 0.045384912791158513 -0.15963261613570034 0.12879456225010116 1.3445819641834544 -3.7657362837678066 1 CAMERA 1 89
90 1 0.97335518261222786 -0.15239060080111852 0.047257414580295712 -0.16469222822153956 0.14289121865835408 1.3934146595598973 -3.8656426455403654 1 CAMERA 1 90
91 1 0.90451649824613156 -0.38086303262810622 -0.1251984341354998 -0.1453224238302443 0.71189292332182208 -0.88176994036898859 6.4889721529258164 1 CAMERA 1 91
92 1 0.96335162126262996 -0.085096175899996337 0.10061006635832132 -0.23364483560574067 0.25626422009595196 2.7285913923852045 -5.0515239971630503 1 CAMERA 1 92
93 1 0.97323245355894306 -0.14487022508447495 0.053892418493697851 -0.17007885363123004 0.16015686715456148 1.6020181774200029 -4.481743604995394 1 CAMERA 1 93
94 1 0.97330793208941513 -0.14729329510355038 0.051253357639714454 -0.16837294283827448 0.14704513582293838 1.5038186309786585 -4.1796437751548838 1 CAMERA 1 94
95 1 0.97185201947107525 -0.14507943856754194 0.056143177212276733 -0.17692809954168792 0.1754479662504721 1.6323394298439964 -4.7000078823709872 1 CAMERA 1 95
96 1 0.96208564060803003 -0.086435289462465176 0.10034182739803436 -0.23843590028727549 0.27390321785106925 2.6733700117060382 -4.9608539373994303 1 CAMERA 1 96
97 1 0.96486954351604548 -0.079988480611103557 0.1026238250296065 -0.22824757939780543 0.22784143795377118 2.8866933904784027 -5.3361977553487385 1 CAMERA 1 97
98 1 0.94452132238959252 -0.3277844353426751 -0.0002761560697084151 -0.020898785522681009 -0.34232303026351713 -0.40365132442704993 0.84438931777214443 1 CAMERA 1 98
99 1 0.9640844481726154 -0.084101228223473656 0.10153646720607988 -0.23056128476029195 0.23497941021626456 2.7772370223557017 -5.1504001575023821 1 CAMERA 1 99
100 1 0.93599124915738241 -0.349918214705492 -0.021684254777794152 -0.031739842672185846 -0.28002833709880404 -0.29471590023054917 1.3285216698751969 1 CAMERA 1 100
101 1 0.95785477763080895 -0.28551824468794579 0.012877383482610111 -0.028770295702178837 -0.44265721784816597 -0.36652791552766362 0.11820226546633185 1 CAMERA 1 101
