# Frame list with one line of data per frame:
#   FRAME_ID, RIG_ID, RIG_FROM_WORLD[QW, QX, QY, QZ, TX, TY, TZ], NUM_DATA_IDS, DATA_IDS[] as (SENSOR_TYPE, SENSOR_ID, DATA_ID)
# Number of frames: 79
1 1 0.99228287062666187 -0.10397017329939638 0.065731785816251317 -0.015628181545253816 -1.2328200781112506 -0.55481262328264513 6.0666255067749342 1 CAMERA 1 1
2 1 0.99072868422839599 -0.11833666109607061 0.064932950564998843 -0.015388983677541232 -1.0835110660993932 -0.465611406317332 5.27177683601826 1 CAMERA 1 2
3 1 0.99050007364475534 -0.12040042289624624 0.064739147113620291 -0.014905874920350361 -1.0616390152058783 -0.45005470565089534 5.1816126183911004 1 CAMERA 1 3
4 1 0.99026822092946432 -0.12226169456839689 0.06467806397756555 -0.015416766800153197 -1.0423212924642125 -0.43208018891278843 5.0921575597343027 1 CAMERA 1 4
5 1 0.99210005038086402 -0.10599424450199414 0.065076747504209623 -0.016362368441402576 -1.1975283003580059 -0.56137065437768274 5.7808680747328385 1 CAMERA 1 5
6 1 0.99208117353123249 -0.10606019201406522 0.065248505458757752 -0.016395527750896737 -1.2142989902570713 -0.54835297023842444 5.8871708571653407 1 CAMERA 1 6
7 1 0.99007312999357944 -0.12408108309557568 0.063957641262590084 -0.016386036942202122 -0.99834868336179916 -0.41930984944675648 4.8926087084631575 1 CAMERA 1 7
8 1 0.98986517614553315 -0.12574935040078927 0.063874619381896411 -0.016554966836933745 -0.96269769228923918 -0.40486420956278124 4.7634718284955113 1 CAMERA 1 8
9 1 0.98996825165198876 -0.1232885605102419 0.066766287867294508 -0.017465805817009794 -0.69897512680870244 -0.38332412274310673 3.9967554831986072 1 CAMERA 1 9
10 1 0.98999536604604366 -0.12411705530273678 0.064924871351250996 -0.016996848836235191 -0.88904686580834047 -0.41574582568714247 4.5260687970961841 1 CAMERA 1 10
11 1 0.98972877837191597 -0.12498170162880162 0.066343547873491948 -0.020372853898281897 -0.67168654119706561 -0.35535373348573873 3.9043489247856926 1 CAMERA 1 11
12 1 0.98943563101824428 -0.12649270044004982 0.065726514074669215 -0.026396101123216064 -0.59429835408307852 -0.30462167236022003 3.6702734158043615 1 CAMERA 1 12
13 1 0.98956670421225534 -0.12471327638761039 0.066186561282809114 -0.02869975109160362 -0.52047949064046051 -0.2929009045749853 3.4848841696659165 1 CAMERA 1 13
14 1 0.98949993705369776 -0.12586394232504761 0.065619398721270886 -0.027244028787698861 -0.57538648032636297 -0.30284390092454577 3.6139838742060588 1 CAMERA 1 14
15 1 0.98918355852628603 -0.12649938615622969 0.066286604471470015 -0.033464591899672137 -0.463289237392911 -0.25638060516558842 3.3410655365556292 1 CAMERA 1 15
16 1 0.98703372141653201 -0.12291600432718691 0.071369064478067984 -0.074582473158231521 -0.23741780006845306 -0.20296872967832646 2.8139630337378088 1 CAMERA 1 16
17 1 0.98539522972652605 -0.1204192762739367 0.072977385884399615 -0.095758760869943227 -0.17514480957037776 -0.20250765508172622 2.6415232817492456 1 CAMERA 1 17
18 1 0.98796408948345893 -0.12274594797142778 0.069778561488440236 -0.063177072615943519 -0.28119090091345567 -0.21440528042245713 2.9182161286986474 1 CAMERA 1 18
19 1 0.98625292379112339 -0.12183687636476831 0.072438941926907752 -0.08493259423593548 -0.20531291972022847 -0.20095115823530069 2.7286073449567541 1 CAMERA 1 19
20 1 0.98448195670313898 -0.1196306014752412 0.070185679180326838 -0.10750705351104545 -0.17046308671415542 -0.20289767955016219 2.5514085988310895 1 CAMERA 1 20
21 1 0.9842482188881525 -0.11816656238230568 0.061547536937978264 -0.11620674613428573 -0.18778741364147156 -0.21063499324615986 2.4545241240922264 1 CAMERA 1 21
22 1 0.98278926145409862 -0.10494506389895011 0.014845816116988516 -0.15129905114564154 -0.28852545618861714 -0.28712002243202317 2.063173791506645 1 CAMERA 1 22
23 1 0.98200476905408052 -0.10337527952403393 0.00296357727432534 -0.15802342341599263 -0.29920742589904015 -0.30527707333824095 1.9664014758461197 1 CAMERA 1 23
24 1 0.98023977840558685 -0.099978748522882799 -0.014053014081101503 -0.17010802294542782 -0.29704403994220324 -0.35086857157890927 1.7764878595750369 1 CAMERA 1 24
25 1 0.98105525234801449 -0.10128927606672093 -0.0062351115043735427 -0.1650218100094101 -0.30324374126401082 -0.32466392963937007 1.8710849734939503 1 CAMERA 1 25
26 1 0.9802782339453523 -0.098952210192734841 -0.017875457434668125 -0.17012792884313452 -0.27061310266160565 -0.37984025564439389 1.6858395413764058 1 CAMERA 1 26
27 1 0.9802691236415495 -0.10056685475085071 -0.015674099395354461 -0.16944933038726592 -0.18882546257637411 -0.43172583107112289 1.507094965168474 1 CAMERA 1 27
28 1 0.98043700249458654 -0.099719921857380822 -0.013558919968752393 -0.16916080223700652 -0.16010464912491099 -0.46319957440985615 1.4331871888907841 1 CAMERA 1 28
29 1 0.98207251223242953 -0.087005645482415656 -0.0086030575108274297 -0.16700175380257784 -0.064352641918165074 -0.6171439448242575 1.0726701435460511 1 CAMERA 1 29
30 1 0.98248711460627292 -0.082697829474131596 -0.0080329638128644205 -0.16678012509076057 -0.053126597326024878 -0.64796836926364065 1.0060347621063392 1 CAMERA 1 30
31 1 0.9831526375432067 -0.07521667169056441 -0.0076170095475272424 -0.16641912377243068 -0.036605722306097307 -0.69641589073483068 0.89422479920317521 1 CAMERA 1 31
32 1 0.98446994967676038 -0.056662431325053809 -0.008952001426074014 -0.16591608942545857 -0.015555956348464958 -0.78657850175308808 0.68013573459570276 1 CAMERA 1 32
33 1 0.98381779732927466 -0.067047531005416203 -0.007632442609625787 -0.16597866147207763 -0.025311300947364179 -0.73839117072018901 0.80121341695377379 1 CAMERA 1 33
34 1 0.98552570152481189 -0.026345743426251941 -0.012812397128821788 -0.16697555484908078 0.0019287088037864904 -0.89127659060667475 0.37092358649409413 1 CAMERA 1 34
35 1 0.98462817696052729 -0.054559051413547444 -0.0092692919844632495 -0.16566455043354436 -0.013751763690257449 -0.79512599049556532 0.65513932506796257 1 CAMERA 1 35
36 1 0.98430645583716692 -0.011935779962592695 -0.01419587788156979 -0.17549021398679845 -0.0068634593950991927 -0.92084114043288701 0.23285205089351471 1 CAMERA 1 36
37 1 0.9833653210904213 -0.0023825729602618122 -0.014467110116158298 -0.18104604758930112 -0.012207090331586262 -0.94224041791645696 0.097620369708194668 1 CAMERA 1 37
38 1 0.98362354965506527 0.00033308144000105934 -0.014047462784132181 -0.17968658939957399 -0.0070352139617701984 -0.95293792127304899 0.021314677249925463 1 CAMERA 1 38
39 1 0.98419306313107391 0.0020627029392571777 -0.013170832314791825 -0.17659640120170322 0.0045342182279763041 -0.97071292732349557 -0.1017781451113364 1 CAMERA 1 39
40 1 0.98400440013793422 0.0036151113736316454 -0.012102534669520503 -0.17769580786702238 0.0035591967921296203 -0.98621396852735532 -0.22697639883458615 1 CAMERA 1 40
41 1 0.98807179724357819 0.0042720656055160846 -0.010274727427787338 -0.1535913504191915 0.046596378224939068 -1.0273027416994645 -0.60674605007726745 1 CAMERA 1 41
42 1 0.98893837135876339 0.0045931641758902254 -0.010470770141938831 -0.14788564321720779 0.055705641829179031 -1.0323387804872528 -0.68755578692900399 1 CAMERA 1 42
43 1 0.98946381344003165 0.0042224655956135454 -0.010796910628220366 -0.14431548564824714 0.062486454854221114 -1.0388743165256611 -0.73901260569881277 1 CAMERA 1 43
44 1 0.98998276166937782 0.0044170098517260286 -0.010878700711045259 -0.14069923771038972 0.067841055126758171 -1.0428360520313233 -0.7932990437886317 1 CAMERA 1 44
45 1 0.99103299938412248 0.0057078405638683882 -0.010924227224468865 -0.13304764540327094 0.080559147414180118 -1.0482845655725916 -0.93218933937151061 1 CAMERA 1 45
46 1 0.99302410088450599 0.0069647893590188484 -0.0096010755225151168 -0.11731345242773186 0.091191769350224897 -1.0641223507165847 -1.3555065351407529 1 CAMERA 1 46
47 1 0.99145844020485374 0.005491538777145367 -0.010891639792034509 -0.12985136322372018 0.08281192931940938 -1.0542955609608793 -1.0149963447061274 1 CAMERA 1 47
48 1 0.99365750149115539 0.0071670542596556121 -0.0085540462209398333 -0.11189383967335442 0.091242748555522848 -1.067494757397611 -1.5036263705617161 1 CAMERA 1 48
49 1 0.99400457844929124 0.0071980896814588143 -0.0085363452085994249 -0.10876679795444433 0.093161731703801293 -1.0703940067906248 -1.5932590924711656 1 CAMERA 1 49
50 1 0.99458282323752401 0.0062325949500358531 -0.0082154305165500624 -0.10343437137863694 0.095309724609598245 -1.0754298515133609 -1.7433089865833082 1 CAMERA 1 50
51 1 0.99496737826024928 0.0057089200876995717 -0.0075977213761442303 -0.09974767696167966 0.094612854580343297 -1.078637229496539 -1.8337622668316487 1 CAMERA 1 51
52 1 0.99522308221131306 0.0060142262644388529 -0.0071528302153770085 -0.097178612544970094 0.094668776396882287 -1.0780241867245299 -1.8960590101435499 1 CAMERA 1 52
53 1 0.9978539496430916 0.0073592178200805273 -0.0097796748950213577 -0.0643249178289962 0.22596325005252266 -1.041055377842981 -2.420794732635013 1 CAMERA 1 53
54 1 0.99765760480538213 -0.00098412070440584919 -0.0061161931748429533 -0.06812435145726968 0.18516590256462065 -1.0824449731918839 -2.5312370135066851 1 CAMERA 1 54
55 1 0.99753076205951552 0.0058698678889585387 -0.014805002963821846 -0.068401281297713501 0.22827088110570068 -1.0513514943714981 -2.4973053593150021 1 CAMERA 1 55
56 1 0.99561696327963234 0.0813628362474699 -0.018098562819170133 -0.042419256611738801 0.44829871409874528 0.62513594296400488 -3.241387300123725 1 CAMERA 1 56
57 1 0.99777384560452553 0.0025039003247630748 -0.027193463823048901 -0.060840767878328289 0.32266603674112271 -1.0646186826334061 -2.6668204736714216 1 CAMERA 1 57
58 1 0.99581157133845311 0.079502221002104301 -0.01901001837964892 -0.040955224884987228 0.45319553706137139 0.59128617059510946 -3.4384610683811951 1 CAMERA 1 58
59 1 0.99725756422265865 0.071860621774650121 -0.016909087425302005 -0.0052425567517038604 0.42173447054815139 0.5542186161540803 -4.1426490435986709 1 CAMERA 1 59
60 1 0.99724962204774648 0.072143232809484356 -0.016969671307869784 -0.00075864426962972225 0.41986196277507776 0.5707251260488071 -4.2975107173685734 1 CAMERA 1 60
61 1 0.99724272714271389 0.072273145187068191 -0.016804183659018007 0.001074735913928464 0.41610032542655273 0.58134633386359491 -4.3920353771261338 1 CAMERA 1 61
62 1 0.9971593106580382 0.073405642795013201 -0.015879134906414363 0.005724844841521858 0.40392133083320941 0.61889260671220203 -4.6122857646667077 1 CAMERA 1 62
63 1 0.99706419837193894 0.074628634520812323 -0.015815504258387701 0.0065894658003933584 0.40270541175576935 0.64578826093497976 -4.7764086088329361 1 CAMERA 1 63
64 1 0.99633852626330222 0.071913589287463955 -0.018595784548310679 0.04233407086848226 0.45150964202207372 0.63629305106958389 -5.4347715082455412 1 CAMERA 1 64
65 1 0.99619477855063832 0.073572468690276574 -0.017771287873498624 0.043211530481811755 0.44409756069752804 0.66845125495768687 -5.5613757119557929 1 CAMERA 1 65
66 1 0.99597812850541279 0.075058534538895758 -0.01735158356606489 0.045746108899877673 0.43952325128977104 0.69756337656622358 -5.6576095338701569 1 CAMERA 1 66
67 1 0.99580421099275584 0.075802025391532482 -0.017284498115309219 0.048262536615235489 0.4390338674006854 0.71449704219438526 -5.7221883483164495 1 CAMERA 1 67
68 1 0.99547384609626566 0.076907765477193385 -0.016953725419491743 0.053193876922199235 0.4347720796440287 0.7425888418256581 -5.820653828435649 1 CAMERA 1 68
69 1 0.99195088309621871 0.079045456379836426 -0.021347868908810033 0.096589491371403893 0.50093958280746553 0.84542529709501246 -6.135317351871393 1 CAMERA 1 69
70 1 0.99166811432505941 0.080242293917471633 -0.021663180524446931 0.098418656297506651 0.50622884862726414 0.87006059084316179 -6.2043269661592291 1 CAMERA 1 70
71 1 0.99141650203226572 0.080796526647581079 -0.021700361168211613 0.1004705683519541 0.51009086843470153 0.88959358304884206 -6.3118145827192258 1 CAMERA 1 71
72 1 0.99115399205301769 0.081350608641349673 -0.021631562959241502 0.10260564309524492 0.51159860444928784 0.90517282475758054 -6.384200398159896 1 CAMERA 1 72
73 1 0.99101792327986571 0.081706812073275722 -0.021537961363386586 0.10365128469630738 0.51143886039188979 0.9139232307033035 -6.4208906624804083 1 CAMERA 1 73
74 1 0.99072264933439902 0.08229446399433879 -0.021288732988214498 0.10603321715136894 0.51074729198781621 0.93012143862459984 -6.4942524701262929 1 CAMERA 1 74
75 1 0.9889484032592657 0.084148764792410582 -0.02621346167626571 0.1192178489229182 0.59753248778221391 1.0015150048228303 -6.7508835041140829 1 CAMERA 1 75
76 1 0.98652087714108783 0.0856772086896299 -0.028558262926283738 0.13645658831498569 0.63228638311944896 1.0632876347130713 -6.855860423446015 1 CAMERA 1 76
77 1 0.98540299269376985 0.085945016279535227 -0.030164962248981016 0.14382096933129082 0.66052897206302019 1.0880197399578038 -6.9570693370056667 1 CAMERA 1 77
79 1 0.98487991403249675 0.086632248299552544 -0.03107578212284889 0.14676751771206503 0.67759244668959207 1.1090636301850358 -7.0318226991382469 1 CAMERA 1 79
80 1 0.98476563437948483 0.086604215685651478 -0.031305904744388775 0.14750015423305884 0.68403470471228101 1.1129935038193004 -7.0707251392247423 1 CAMERA 1 80
